<?xml version="1.0" encoding="utf-8"?>
<COLLADA xmlns="http://www.collada.org/2005/11/COLLADASchema" version="1.4.1">
  <asset><contributor><author>Mixamo</author><authoring_tool>COLLADA Mixamo exporter</authoring_tool><comments></comments></contributor><created>2020-03-12T17:58:36Z</created><modified>2020-03-12T17:58:36Z</modified><revision></revision><title></title><unit meter="0.304800"/><up_axis>Y_UP</up_axis></asset>
  <library_animations>
    <animation id="mixamorig_Hips-anim" name="mixamorig_Hips"><source id="mixamorig_Hips-Matrix-animation-input"><float_array id="mixamorig_Hips-Matrix-animation-input-array" count="174">

0.000000 0.033333 0.066667 0.100000 0.133333 0.166667 0.200000 0.233333 0.266667 0.300000 0.333333 0.366667 0.400000 0.433333 0.466667 0.500000
0.533333 0.566667 0.600000 0.633333 0.666667 0.700000 0.733333 0.766667 0.800000 0.833333 0.866667 0.900000 0.933333 0.966667 1.000000 1.033333
1.066667 1.100000 1.133333 1.166667 1.200000 1.233333 1.266667 1.300000 1.333333 1.366667 1.400000 1.433333 1.466667 1.500000 1.533333 1.566667
1.600000 1.633333 1.666667 1.700000 1.733333 1.766667 1.800000 1.833333 1.866667 1.900000 1.933333 1.966667 2.000000 2.033333 2.066667 2.100000
2.133333 2.166667 2.200000 2.233333 2.266667 2.300000 2.333333 2.366667 2.400000 2.433333 2.466667 2.500000 2.533333 2.566667 2.600000 2.633333
2.666667 2.700000 2.733333 2.766667 2.800000 2.833333 2.866667 2.900000 2.933333 2.966667 3.000000 3.033333 3.066667 3.100000 3.133333 3.166667
3.200000 3.233333 3.266667 3.300000 3.333333 3.366667 3.400000 3.433333 3.466667 3.500000 3.533333 3.566667 3.600000 3.633333 3.666667 3.700000
3.733333 3.766667 3.800000 3.833333 3.866667 3.900000 3.933333 3.966667 4.000000 4.033333 4.066667 4.100000 4.133333 4.166667 4.200000 4.233333
4.266667 4.300000 4.333333 4.366667 4.400000 4.433333 4.466667 4.500000 4.533333 4.566667 4.600000 4.633333 4.666667 4.700000 4.733333 4.766667
4.800000 4.833333 4.866667 4.900000 4.933333 4.966667 5.000000 5.033333 5.066667 5.100000 5.133333 5.166667 5.200000 5.233333 5.266667 5.300000
5.333333 5.366667 5.400000 5.433333 5.466667 5.500000 5.533333 5.566667 5.600000 5.633333 5.666667 5.700000 5.733333 5.766667</float_array><technique_common><accessor source="#mixamorig_Hips-Matrix-animation-input-array" count="174"><param name="TIME" type="float"/></accessor></technique_common></source><source id="mixamorig_Hips-Matrix-animation-output-transform"><float_array id="mixamorig_Hips-Matrix-animation-output-transform-array" count="2784">

0.998914 -0.030406 0.035310 0.015794 0.029218 0.999005 0.033693 51.750660 -0.036300 -0.032625 0.998808 0.280433 0.000000 0.000000 0.000000 1.000000
0.998921 -0.029951 0.035485 0.012091 0.028799 0.999055 0.032551 51.750641 -0.036426 -0.031494 0.998840 0.300134 0.000000 0.000000 0.000000 1.000000
0.998938 -0.029761 0.035179 0.008632 0.028636 0.999075 0.032080 51.749706 -0.036101 -0.031039 0.998866 0.321555 0.000000 0.000000 0.000000 1.000000
0.998963 -0.029540 0.034657 0.004551 0.028447 0.999096 0.031596 51.747242 -0.035559 -0.030577 0.998900 0.347460 0.000000 0.000000 0.000000 1.000000
0.998982 -0.029327 0.034289 0.001730 0.028286 0.999136 0.030455 51.744629 -0.035152 -0.029454 0.998948 0.372701 0.000000 0.000000 0.000000 1.000000
0.999001 -0.029309 0.033730 0.003250 0.028300 0.999149 0.030019 51.742760 -0.034581 -0.029035 0.998980 0.397488 0.000000 0.000000 0.000000 1.000000
0.999022 -0.029259 0.033153 0.003923 0.028290 0.999170 0.029323 51.739861 -0.033984 -0.028356 0.999020 0.425087 0.000000 0.000000 0.000000 1.000000
0.999054 -0.028874 0.032510 0.001418 0.027961 0.999211 0.028209 51.736496 -0.033299 -0.027274 0.999073 0.452183 0.000000 0.000000 0.000000 1.000000
0.999086 -0.028573 0.031801 0.000869 0.027703 0.999239 0.027476 51.733284 -0.032561 -0.026570 0.999116 0.479415 0.000000 0.000000 0.000000 1.000000
0.999104 -0.028530 0.031245 0.002284 0.027694 0.999255 0.026876 51.728004 -0.031988 -0.025987 0.999150 0.509048 0.000000 0.000000 0.000000 1.000000
0.999114 -0.028622 0.030870 0.006285 0.027792 0.999249 0.026983 51.722080 -0.031619 -0.026101 0.999159 0.540434 0.000000 0.000000 0.000000 1.000000
0.999101 -0.028966 0.030940 0.010799 0.028122 0.999229 0.027384 51.715424 -0.031710 -0.026490 0.999146 0.577448 0.000000 0.000000 0.000000 1.000000
0.999085 -0.029317 0.031133 0.015474 0.028467 0.999219 0.027404 51.705975 -0.031912 -0.026493 0.999140 0.617889 0.000000 0.000000 0.000000 1.000000
0.999080 -0.029465 0.031151 0.023086 0.028633 0.999230 0.026816 51.694656 -0.031917 -0.025900 0.999155 0.659389 0.000000 0.000000 0.000000 1.000000
0.999090 -0.029781 0.030529 0.039614 0.028994 0.999244 0.025898 51.677925 -0.031277 -0.024990 0.999198 0.710774 0.000000 0.000000 0.000000 1.000000
0.999121 -0.029952 0.029322 0.069141 0.029225 0.999262 0.024929 51.647705 -0.030047 -0.024050 0.999259 0.787681 0.000000 0.000000 0.000000 1.000000
0.999144 -0.030148 0.028321 0.115131 0.029499 0.999299 0.023069 51.596237 -0.028996 -0.022214 0.999333 0.951890 0.000000 0.000000 0.000000 1.000000
0.999144 -0.031740 0.026522 0.179439 0.031165 0.999276 0.021843 51.521721 -0.027196 -0.020998 0.999410 1.313247 0.000000 0.000000 0.000000 1.000000
0.999098 -0.034082 0.025322 0.234292 0.033488 0.999162 0.023531 51.435986 -0.026103 -0.022662 0.999402 1.862183 0.000000 0.000000 0.000000 1.000000
0.998601 -0.039159 0.035538 0.264102 0.037922 0.998673 0.034844 51.339020 -0.036855 -0.033448 0.998761 2.672915 0.000000 0.000000 0.000000 1.000000
0.997056 -0.048570 0.059339 0.282000 0.045369 0.997502 0.054147 51.213165 -0.061821 -0.051295 0.996768 3.629878 0.000000 0.000000 0.000000 1.000000
0.994849 -0.060626 0.081246 0.263788 0.054325 0.995501 0.077631 51.033203 -0.085587 -0.072817 0.993666 4.487653 0.000000 0.000000 0.000000 1.000000
0.993203 -0.072895 0.090739 0.180982 0.063002 0.992208 0.107487 50.751961 -0.097867 -0.101039 0.990057 5.163085 0.000000 0.000000 0.000000 1.000000
0.992654 -0.079249 0.091416 0.054704 0.066097 0.988103 0.138869 50.375622 -0.101334 -0.131806 0.986082 5.732728 0.000000 0.000000 0.000000 1.000000
0.993125 -0.073341 0.091230 -0.138412 0.058780 0.986453 0.153154 50.006809 -0.101226 -0.146739 0.983982 6.309429 0.000000 0.000000 0.000000 1.000000
0.993757 -0.066527 0.089566 -0.354270 0.051669 0.985920 0.159032 49.770630 -0.098885 -0.153411 0.983202 7.052550 0.000000 0.000000 0.000000 1.000000
0.994714 -0.061254 0.082410 -0.548457 0.047071 0.985303 0.164202 49.703873 -0.091257 -0.159454 0.982978 7.911113 0.000000 0.000000 0.000000 1.000000
0.996064 -0.054820 0.069651 -0.689212 0.042078 0.984064 0.172765 49.759350 -0.078012 -0.169154 0.982497 8.775807 0.000000 0.000000 0.000000 1.000000
0.997407 -0.049407 0.052334 -0.786960 0.038926 0.981939 0.185150 49.827103 -0.060537 -0.182633 0.981316 9.533780 0.000000 0.000000 0.000000 1.000000
0.998344 -0.045994 0.034550 -0.862661 0.038301 0.979586 0.197343 49.811172 -0.042921 -0.195693 0.979725 10.120061 0.000000 0.000000 0.000000 1.000000
0.998789 -0.043409 0.023146 -0.921161 0.037742 0.977944 0.205429 49.710842 -0.031553 -0.204306 0.978398 10.580450 0.000000 0.000000 0.000000 1.000000
0.998965 -0.041801 0.017922 -0.940637 0.037076 0.976691 0.211422 49.548397 -0.026342 -0.210539 0.977231 10.989747 0.000000 0.000000 0.000000 1.000000
0.999153 -0.039086 0.012873 -0.938800 0.035461 0.976504 0.212563 49.374191 -0.020879 -0.211926 0.977063 11.313361 0.000000 0.000000 0.000000 1.000000
0.999398 -0.034132 0.006241 -0.878525 0.032087 0.977588 0.208068 49.229725 -0.013203 -0.207743 0.978094 11.603247 0.000000 0.000000 0.000000 1.000000
0.999542 -0.030264 0.000437 -0.768266 0.029548 0.978827 0.202544 49.153339 -0.006558 -0.202438 0.979273 11.885697 0.000000 0.000000 0.000000 1.000000
0.999532 -0.030591 0.000005 -0.619965 0.029960 0.978941 0.201935 49.155041 -0.006183 -0.201840 0.979399 12.199647 0.000000 0.000000 0.000000 1.000000
0.999316 -0.036405 0.006525 -0.455338 0.034251 0.977488 0.208192 49.213631 -0.013958 -0.207826 0.978066 12.557425 0.000000 0.000000 0.000000 1.000000
0.998868 -0.044052 0.017947 -0.279238 0.039185 0.975921 0.214576 49.266041 -0.026967 -0.213630 0.976542 12.917004 0.000000 0.000000 0.000000 1.000000
0.998369 -0.048495 0.030130 -0.110702 0.040968 0.976081 0.213514 49.266319 -0.039764 -0.211932 0.976475 13.205826 0.000000 0.000000 0.000000 1.000000
0.997929 -0.048712 0.042001 0.034380 0.039074 0.977838 0.205685 49.187798 -0.051090 -0.203618 0.977717 13.416343 0.000000 0.000000 0.000000 1.000000
0.997397 -0.048435 0.053421 0.144116 0.037072 0.979851 0.196258 49.025372 -0.061850 -0.193767 0.979096 13.584712 0.000000 0.000000 0.000000 1.000000
0.996889 -0.050444 0.060555 0.199287 0.038481 0.982060 0.184599 48.798302 -0.068781 -0.181695 0.980947 13.718943 0.000000 0.000000 0.000000 1.000000
0.996810 -0.052129 0.060434 0.171304 0.041437 0.985197 0.166340 48.532242 -0.068210 -0.163305 0.984215 13.811931 0.000000 0.000000 0.000000 1.000000
0.996982 -0.051649 0.057959 0.064209 0.042851 0.988661 0.143923 48.330063 -0.064735 -0.141005 0.987890 13.887660 0.000000 0.000000 0.000000 1.000000
0.996468 -0.051976 0.065960 -0.065540 0.043512 0.991347 0.123844 48.191479 -0.071826 -0.120537 0.990107 13.994471 0.000000 0.000000 0.000000 1.000000
0.994161 -0.054950 0.092871 -0.179135 0.044089 0.992363 0.115202 48.098282 -0.098492 -0.110435 0.988991 14.214991 0.000000 0.000000 0.000000 1.000000
0.990029 -0.063066 0.125961 -0.257892 0.046756 0.990609 0.128481 48.000759 -0.132881 -0.121310 0.983680 14.595982 0.000000 0.000000 0.000000 1.000000
0.986278 -0.071507 0.148805 -0.307383 0.049854 0.988253 0.144466 47.906006 -0.157388 -0.135065 0.978257 14.993778 0.000000 0.000000 0.000000 1.000000
0.985084 -0.074864 0.154938 -0.336192 0.051587 0.987469 0.149142 47.827030 -0.164162 -0.138925 0.976602 15.305224 0.000000 0.000000 0.000000 1.000000
0.986334 -0.074381 0.147011 -0.327774 0.052656 0.987807 0.146505 47.806412 -0.156115 -0.136762 0.978225 15.525351 0.000000 0.000000 0.000000 1.000000
0.988067 -0.075167 0.134435 -0.276271 0.055575 0.988020 0.143970 47.864185 -0.143646 -0.134781 0.980408 15.713226 0.000000 0.000000 0.000000 1.000000
0.989040 -0.078163 0.125260 -0.230145 0.059582 0.987523 0.145768 47.963272 -0.135091 -0.136707 0.981357 15.932371 0.000000 0.000000 0.000000 1.000000
0.988852 -0.082737 0.123802 -0.201414 0.063401 0.986237 0.152696 48.108772 -0.134731 -0.143144 0.980488 16.198812 0.000000 0.000000 0.000000 1.000000
0.988064 -0.085096 0.128410 -0.213191 0.064110 0.985110 0.159525 48.281387 -0.140073 -0.149388 0.978807 16.476879 0.000000 0.000000 0.000000 1.000000
0.986951 -0.086269 0.135963 -0.256985 0.063423 0.984385 0.164209 48.429779 -0.148006 -0.153443 0.977010 16.732821 0.000000 0.000000 0.000000 1.000000
0.985564 -0.088920 0.144073 -0.291321 0.064098 0.983600 0.168589 48.519733 -0.156701 -0.156920 0.975100 16.945051 0.000000 0.000000 0.000000 1.000000
0.984323 -0.092414 0.150226 -0.310889 0.065118 0.981980 0.177410 48.551998 -0.163914 -0.164846 0.972604 17.107895 0.000000 0.000000 0.000000 1.000000
0.983044 -0.094762 0.156988 -0.308525 0.064030 0.979621 0.190377 48.547379 -0.171829 -0.177097 0.969078 17.232662 0.000000 0.000000 0.000000 1.000000
0.981302 -0.097886 0.165725 -0.304084 0.062762 0.976694 0.205257 48.537392 -0.181954 -0.191018 0.964575 17.338667 0.000000 0.000000 0.000000 1.000000
0.979402 -0.102501 0.173968 -0.304491 0.063117 0.973810 0.218428 48.509850 -0.191801 -0.202949 0.960221 17.421347 0.000000 0.000000 0.000000 1.000000
0.978147 -0.104932 0.179493 -0.314400 0.062778 0.972065 0.226159 48.503334 -0.198210 -0.209949 0.957410 17.529388 0.000000 0.000000 0.000000 1.000000
0.978110 -0.104402 0.180003 -0.328358 0.060887 0.970763 0.232192 48.531376 -0.198982 -0.216149 0.955869 17.718685 0.000000 0.000000 0.000000 1.000000
0.979514 -0.102848 0.173129 -0.351118 0.059317 0.968955 0.240016 48.578087 -0.192439 -0.224830 0.955206 18.023817 0.000000 0.000000 0.000000 1.000000
0.981603 -0.100143 0.162564 -0.374607 0.057540 0.966988 0.248241 48.617329 -0.182057 -0.234320 0.954960 18.426929 0.000000 0.000000 0.000000 1.000000
0.983338 -0.096349 0.154155 -0.350021 0.054254 0.964890 0.256991 48.585533 -0.173503 -0.244346 0.954040 18.896551 0.000000 0.000000 0.000000 1.000000
0.984398 -0.092209 0.149858 -0.240125 0.049366 0.962215 0.267780 48.452625 -0.168888 -0.256204 0.951754 19.414263 0.000000 0.000000 0.000000 1.000000
0.985088 -0.085654 0.149214 -0.056293 0.040918 0.959018 0.280376 48.222584 -0.167115 -0.270090 0.948222 19.969246 0.000000 0.000000 0.000000 1.000000
0.985439 -0.079081 0.150522 0.172812 0.031891 0.955514 0.293217 47.944439 -0.167014 -0.284147 0.944122 20.522314 0.000000 0.000000 0.000000 1.000000
0.985368 -0.076708 0.152201 0.425850 0.027430 0.952728 0.302583 47.679111 -0.168217 -0.293981 0.940892 21.051405 0.000000 0.000000 0.000000 1.000000
0.984971 -0.078263 0.153969 0.685371 0.027563 0.951248 0.307194 47.435867 -0.170504 -0.298334 0.939109 21.548605 0.000000 0.000000 0.000000 1.000000
0.984217 -0.080359 0.157667 0.957000 0.027656 0.949851 0.311476 47.160950 -0.174790 -0.302200 0.937083 22.040281 0.000000 0.000000 0.000000 1.000000
0.983280 -0.081172 0.163007 1.241652 0.025649 0.947967 0.317335 46.834904 -0.180284 -0.307848 0.934199 22.549997 0.000000 0.000000 0.000000 1.000000
0.982719 -0.079733 0.167053 1.513777 0.021933 0.946273 0.322625 46.502296 -0.183801 -0.313386 0.931669 23.091213 0.000000 0.000000 0.000000 1.000000
0.982709 -0.077929 0.167958 1.763978 0.018951 0.944684 0.327435 46.196388 -0.184184 -0.318590 0.929826 23.668123 0.000000 0.000000 0.000000 1.000000
0.983133 -0.077389 0.165709 1.999616 0.017995 0.942597 0.333448 45.894852 -0.182002 -0.324842 0.928091 24.262894 0.000000 0.000000 0.000000 1.000000
0.983997 -0.075410 0.161442 2.202039 0.016613 0.940910 0.338248 45.583836 -0.177410 -0.330153 0.927105 24.851814 0.000000 0.000000 0.000000 1.000000
0.984971 -0.072253 0.156879 2.359280 0.014928 0.940509 0.339440 45.266644 -0.172071 -0.331996 0.927453 25.410301 0.000000 0.000000 0.000000 1.000000
0.985364 -0.071573 0.154710 2.469561 0.014839 0.940154 0.340427 44.936840 -0.169817 -0.333149 0.927456 25.959652 0.000000 0.000000 0.000000 1.000000
0.984985 -0.072679 0.156597 2.536114 0.015040 0.939744 0.341548 44.586552 -0.171984 -0.334065 0.926727 26.542515 0.000000 0.000000 0.000000 1.000000
0.983801 -0.074016 0.163269 2.581704 0.014148 0.939998 0.340887 44.213310 -0.178703 -0.333055 0.925818 27.200504 0.000000 0.000000 0.000000 1.000000
0.981525 -0.077034 0.175139 2.603818 0.012972 0.940054 0.340778 43.767448 -0.190892 -0.332210 0.923686 27.971550 0.000000 0.000000 0.000000 1.000000
0.978262 -0.082538 0.190238 2.627332 0.011344 0.937303 0.348330 43.204075 -0.207061 -0.338600 0.917865 28.845810 0.000000 0.000000 0.000000 1.000000
0.974738 -0.089243 0.204750 2.669808 0.008241 0.930452 0.366320 42.488422 -0.223201 -0.355379 0.907682 29.778490 0.000000 0.000000 0.000000 1.000000
0.971072 -0.097575 0.217941 2.715390 0.005036 0.920867 0.389845 41.605637 -0.238734 -0.377470 0.894719 30.736839 0.000000 0.000000 0.000000 1.000000
0.967104 -0.107559 0.230525 2.757791 0.002087 0.909538 0.415616 40.575298 -0.254374 -0.401463 0.879842 31.699480 0.000000 0.000000 0.000000 1.000000
0.961158 -0.121304 0.247911 2.817251 -0.001743 0.895550 0.444958 39.400234 -0.275992 -0.428107 0.860554 32.694107 0.000000 0.000000 0.000000 1.000000
0.953142 -0.134540 0.270961 2.855341 -0.009214 0.882341 0.470520 38.060509 -0.302383 -0.450969 0.839757 33.716202 0.000000 0.000000 0.000000 1.000000
0.943725 -0.147696 0.295921 2.870957 -0.018212 0.870182 0.492393 36.536179 -0.330230 -0.470073 0.818523 34.810150 0.000000 0.000000 0.000000 1.000000
0.933312 -0.161173 0.320863 2.901841 -0.027796 0.858487 0.512081 34.816116 -0.357990 -0.486850 0.796756 35.980419 0.000000 0.000000 0.000000 1.000000
0.922091 -0.173710 0.345793 2.965070 -0.038331 0.848190 0.528303 32.950981 -0.385070 -0.500398 0.775450 37.224976 0.000000 0.000000 0.000000 1.000000
0.911219 -0.186830 0.367116 3.012043 -0.044923 0.840840 0.539417 30.963812 -0.409465 -0.508019 0.757796 38.534252 0.000000 0.000000 0.000000 1.000000
0.904956 -0.196585 0.377370 2.961779 -0.040857 0.842635 0.536933 28.824104 -0.423538 -0.501319 0.754516 39.872040 0.000000 0.000000 0.000000 1.000000
0.906030 -0.201786 0.372010 2.888448 -0.021678 0.855733 0.516964 26.612438 -0.422657 -0.476449 0.770946 41.184498 0.000000 0.000000 0.000000 1.000000
0.913320 -0.197824 0.355967 2.808582 0.005280 0.879769 0.475372 24.415012 -0.407209 -0.432287 0.804555 42.323673 0.000000 0.000000 0.000000 1.000000
0.924521 -0.187125 0.332031 2.666274 0.032604 0.906811 0.420275 22.507011 -0.379734 -0.377727 0.844467 43.088566 0.000000 0.000000 0.000000 1.000000
0.941070 -0.158548 0.298746 2.358995 0.044662 0.933834 0.354908 20.770319 -0.335249 -0.320650 0.885884 43.413033 0.000000 0.000000 0.000000 1.000000
0.958374 -0.115190 0.261247 1.876287 0.041296 0.961306 0.272370 19.387203 -0.282513 -0.250244 0.926048 43.430984 0.000000 0.000000 0.000000 1.000000
0.969536 -0.088401 0.228439 1.564611 0.047638 0.982848 0.178157 18.578270 -0.240270 -0.161847 0.957118 43.432846 0.000000 0.000000 0.000000 1.000000
0.975763 -0.079467 0.203891 1.430361 0.062656 0.994181 0.087629 18.348522 -0.209668 -0.072730 0.975064 43.591610 0.000000 0.000000 0.000000 1.000000
0.976912 -0.075332 0.199922 1.463048 0.075138 0.997136 0.008567 18.508249 -0.199994 0.006653 0.979774 43.970196 0.000000 0.000000 0.000000 1.000000
0.976133 -0.056993 0.209560 1.649728 0.072653 0.995050 -0.067801 18.922333 -0.204658 0.081408 0.975442 44.628098 0.000000 0.000000 0.000000 1.000000
0.975888 -0.036902 0.215130 1.959332 0.065884 0.989434 -0.129149 19.442860 -0.208091 0.140208 0.968008 45.613644 0.000000 0.000000 0.000000 1.000000
0.976847 -0.023599 0.212634 2.355098 0.062138 0.982349 -0.176438 19.983055 -0.204717 0.185565 0.961071 46.846607 0.000000 0.000000 0.000000 1.000000
0.978541 -0.015164 0.205494 2.777009 0.059943 0.975105 -0.213488 20.437065 -0.197141 0.221225 0.955089 48.196312 0.000000 0.000000 0.000000 1.000000
0.980276 -0.010443 0.197359 3.215283 0.058741 0.968870 -0.240502 20.770777 -0.188703 0.247352 0.950373 49.573463 0.000000 0.000000 0.000000 1.000000
0.981689 -0.006467 0.190382 3.688822 0.058131 0.961923 -0.267068 20.988140 -0.181406 0.273245 0.944685 50.953232 0.000000 0.000000 0.000000 1.000000
0.982941 -0.003571 0.183885 4.208611 0.058929 0.953216 -0.296492 21.103004 -0.174224 0.302270 0.937165 52.327652 0.000000 0.000000 0.000000 1.000000
0.983188 0.004799 0.182535 4.779424 0.057441 0.940775 -0.334130 21.107897 -0.173328 0.338997 0.924683 53.643139 0.000000 0.000000 0.000000 1.000000
0.982494 0.018692 0.185354 5.391086 0.053979 0.923709 -0.379273 20.968380 -0.178303 0.382638 0.906530 54.879932 0.000000 0.000000 0.000000 1.000000
0.981945 0.033154 0.186237 6.037866 0.050297 0.903320 -0.426008 20.679462 -0.182355 0.427684 0.885343 56.048275 0.000000 0.000000 0.000000 1.000000
0.981867 0.046529 0.183773 6.708857 0.046899 0.879656 -0.473292 20.267567 -0.183679 0.473329 0.861523 57.146458 0.000000 0.000000 0.000000 1.000000
0.981966 0.060361 0.179161 7.373734 0.043325 0.850592 -0.524038 19.781931 -0.184024 0.522350 0.832638 58.174381 0.000000 0.000000 0.000000 1.000000
0.981776 0.077645 0.173458 7.991371 0.038182 0.813530 -0.580269 19.257713 -0.186169 0.576317 0.795739 59.149021 0.000000 0.000000 0.000000 1.000000
0.981178 0.097934 0.166426 8.532100 0.030861 0.771249 -0.635785 18.724916 -0.190621 0.628954 0.753711 60.114544 0.000000 0.000000 0.000000 1.000000
0.979209 0.124625 0.160058 8.987569 0.021148 0.722015 -0.691555 18.205366 -0.201749 0.680561 0.704368 61.097256 0.000000 0.000000 0.000000 1.000000
0.975467 0.154866 0.156460 9.386272 0.013823 0.666225 -0.745623 17.662350 -0.219709 0.729493 0.647740 62.146961 0.000000 0.000000 0.000000 1.000000
0.970940 0.182692 0.154595 9.749523 0.013345 0.603631 -0.797152 17.039589 -0.238952 0.776050 0.583651 63.317558 0.000000 0.000000 0.000000 1.000000
0.965819 0.208411 0.154141 10.087909 0.020210 0.532284 -0.846324 16.274763 -0.258430 0.820511 0.509878 64.721428 0.000000 0.000000 0.000000 1.000000
0.961260 0.229011 0.153407 10.402154 0.033709 0.454695 -0.890009 15.289398 -0.273575 0.860701 0.429360 66.439285 0.000000 0.000000 0.000000 1.000000
0.958729 0.240603 0.151489 10.689039 0.051277 0.377753 -0.924485 13.982758 -0.279660 0.894099 0.349825 68.475281 0.000000 0.000000 0.000000 1.000000
0.957259 0.247324 0.149953 10.937439 0.071299 0.300667 -0.951060 12.351656 -0.280306 0.921103 0.270182 70.632355 0.000000 0.000000 0.000000 1.000000
0.955565 0.253072 0.151165 11.112086 0.091680 0.232233 -0.968330 10.547396 -0.280163 0.939160 0.198712 72.717865 0.000000 0.000000 0.000000 1.000000
0.954889 0.255494 0.151360 11.179014 0.103303 0.192072 -0.975929 8.789433 -0.278416 0.947539 0.157014 74.642448 0.000000 0.000000 0.000000 1.000000
0.955803 0.256736 0.143274 11.166534 0.100123 0.173955 -0.979650 7.264978 -0.276435 0.950698 0.140562 76.292206 0.000000 0.000000 0.000000 1.000000
0.957559 0.257723 0.129069 11.153458 0.092263 0.150167 -0.984346 6.145041 -0.273070 0.954478 0.120016 77.559303 0.000000 0.000000 0.000000 1.000000
0.958023 0.258109 0.124789 11.171920 0.101030 0.103403 -0.989495 5.591122 -0.268301 0.960566 0.072986 78.405548 0.000000 0.000000 0.000000 1.000000
0.954941 0.259062 0.144824 11.184618 0.130511 0.071717 -0.988850 5.507388 -0.266560 0.963194 0.034675 78.932594 0.000000 0.000000 0.000000 1.000000
0.951597 0.256810 0.168853 11.191469 0.161283 0.050419 -0.985619 5.616828 -0.261630 0.965146 0.006560 79.270714 0.000000 0.000000 0.000000 1.000000
0.953748 0.246029 0.172726 11.187654 0.172205 0.023799 -0.984774 5.651688 -0.246393 0.968970 -0.019669 79.517296 0.000000 0.000000 0.000000 1.000000
0.959126 0.232885 0.160754 11.171965 0.165489 -0.000807 -0.986211 5.530364 -0.229544 0.972504 -0.039314 79.712082 0.000000 0.000000 0.000000 1.000000
0.962291 0.227199 0.149591 11.167909 0.156637 -0.013202 -0.987568 5.364191 -0.222400 0.973759 -0.048292 79.840019 0.000000 0.000000 0.000000 1.000000
0.963287 0.226678 0.143860 11.202200 0.150596 -0.012616 -0.988515 5.258645 -0.222260 0.973888 -0.046290 79.915199 0.000000 0.000000 0.000000 1.000000
0.964559 0.224582 0.138521 11.276062 0.143650 -0.006583 -0.989607 5.221905 -0.221336 0.974433 -0.038611 79.982231 0.000000 0.000000 0.000000 1.000000
0.966451 0.220578 0.131599 11.369702 0.134898 0.000104 -0.990859 5.224534 -0.218576 0.975369 -0.029655 80.032890 0.000000 0.000000 0.000000 1.000000
0.967719 0.218238 0.126067 11.456270 0.127186 0.008971 -0.991838 5.240348 -0.217587 0.975854 -0.019075 80.028122 0.000000 0.000000 0.000000 1.000000
0.968141 0.217827 0.123505 11.513233 0.122044 0.020204 -0.992319 5.265133 -0.218649 0.975778 -0.007024 79.973114 0.000000 0.000000 0.000000 1.000000
0.968367 0.216632 0.123839 11.541038 0.119757 0.031920 -0.992290 5.309888 -0.218915 0.975731 0.004967 79.932907 0.000000 0.000000 0.000000 1.000000
0.968265 0.215152 0.127173 11.551085 0.120625 0.043351 -0.991751 5.390537 -0.218891 0.975618 0.016022 79.906967 0.000000 0.000000 0.000000 1.000000
0.967548 0.215152 0.132516 11.552469 0.123719 0.053912 -0.990852 5.494420 -0.220328 0.975091 0.025544 79.912308 0.000000 0.000000 0.000000 1.000000
0.967239 0.213997 0.136580 11.499804 0.126231 0.061368 -0.990101 5.592164 -0.220260 0.974905 0.032344 79.931694 0.000000 0.000000 0.000000 1.000000
0.968277 0.209266 0.136558 11.396201 0.125765 0.064104 -0.989987 5.655551 -0.215925 0.975755 0.035752 79.947357 0.000000 0.000000 0.000000 1.000000
0.970149 0.203029 0.132624 11.317719 0.122107 0.063539 -0.990481 5.679870 -0.209523 0.977109 0.036851 79.932495 0.000000 0.000000 0.000000 1.000000
0.972088 0.197675 0.126368 11.290925 0.116325 0.061667 -0.991295 5.687527 -0.203747 0.978326 0.036952 79.908646 0.000000 0.000000 0.000000 1.000000
0.973741 0.193982 0.119162 11.304927 0.109541 0.059632 -0.992192 5.697830 -0.199573 0.979191 0.036817 79.897797 0.000000 0.000000 0.000000 1.000000
0.975126 0.191582 0.111467 11.331982 0.102322 0.057016 -0.993116 5.722058 -0.196618 0.979819 0.035995 79.901024 0.000000 0.000000 0.000000 1.000000
0.976264 0.190051 0.103870 11.361939 0.095312 0.053655 -0.994000 5.756156 -0.194484 0.980307 0.034267 79.920601 0.000000 0.000000 0.000000 1.000000
0.977109 0.189147 0.097371 11.398152 0.089416 0.050166 -0.994730 5.784616 -0.193035 0.980667 0.032105 79.959831 0.000000 0.000000 0.000000 1.000000
0.977722 0.188394 0.092563 11.412603 0.085123 0.047226 -0.995251 5.790709 -0.191871 0.980957 0.030138 79.985374 0.000000 0.000000 0.000000 1.000000
0.978142 0.187707 0.089466 11.404512 0.082320 0.045544 -0.995565 5.782122 -0.190949 0.981169 0.029097 79.983398 0.000000 0.000000 0.000000 1.000000
0.978375 0.187267 0.087831 11.397254 0.080806 0.044836 -0.995721 5.771626 -0.190403 0.981285 0.028734 79.983200 0.000000 0.000000 0.000000 1.000000
0.978427 0.187014 0.087785 11.389245 0.080689 0.045241 -0.995712 5.760138 -0.190183 0.981315 0.029175 79.989777 0.000000 0.000000 0.000000 1.000000
0.978415 0.186922 0.088110 11.383202 0.080899 0.045873 -0.995666 5.749810 -0.190154 0.981303 0.029761 80.002602 0.000000 0.000000 0.000000 1.000000
0.978366 0.186970 0.088561 11.376497 0.081279 0.046276 -0.995617 5.742625 -0.190249 0.981275 0.030078 80.021210 0.000000 0.000000 0.000000 1.000000
0.978335 0.186987 0.088863 11.373580 0.081544 0.046491 -0.995585 5.735543 -0.190292 0.981262 0.030236 80.043793 0.000000 0.000000 0.000000 1.000000
0.978303 0.187022 0.089137 11.371975 0.081844 0.046375 -0.995566 5.727465 -0.190326 0.981261 0.030062 80.058762 0.000000 0.000000 0.000000 1.000000
0.978289 0.187038 0.089258 11.370622 0.082003 0.046189 -0.995561 5.719693 -0.190331 0.981266 0.029849 80.064507 0.000000 0.000000 0.000000 1.000000
0.978272 0.187001 0.089528 11.370089 0.082314 0.046008 -0.995544 5.713931 -0.190287 0.981282 0.029616 80.067398 0.000000 0.000000 0.000000 1.000000
0.978239 0.186928 0.090037 11.368440 0.082866 0.045847 -0.995506 5.708626 -0.190216 0.981303 0.029359 80.070129 0.000000 0.000000 0.000000 1.000000
0.978215 0.186821 0.090521 11.366342 0.083386 0.045723 -0.995468 5.703480 -0.190113 0.981329 0.029149 80.071297 0.000000 0.000000 0.000000 1.000000
0.978170 0.186876 0.090884 11.365687 0.083731 0.045837 -0.995434 5.699863 -0.190189 0.981314 0.029189 80.072487 0.000000 0.000000 0.000000 1.000000
0.978078 0.187122 0.091376 11.363369 0.084181 0.046059 -0.995385 5.698251 -0.190467 0.981256 0.029297 80.074127 0.000000 0.000000 0.000000 1.000000
0.978009 0.187291 0.091767 11.358599 0.084566 0.046099 -0.995351 5.697363 -0.190650 0.981222 0.029247 80.076004 0.000000 0.000000 0.000000 1.000000
0.977995 0.187295 0.091900 11.354785 0.084750 0.045849 -0.995347 5.696049 -0.190637 0.981233 0.028967 80.078163 0.000000 0.000000 0.000000 1.000000
0.977987 0.187389 0.091801 11.354159 0.084709 0.045525 -0.995365 5.695107 -0.190700 0.981230 0.028649 80.080391 0.000000 0.000000 0.000000 1.000000
0.978010 0.187381 0.091574 11.355269 0.084539 0.045213 -0.995394 5.694264 -0.190658 0.981246 0.028377 80.080902 0.000000 0.000000 0.000000 1.000000
0.978078 0.187209 0.091191 11.356858 0.084254 0.044696 -0.995441 5.693063 -0.190431 0.981303 0.027943 80.081940 0.000000 0.000000 0.000000 1.000000
0.978125 0.187139 0.090834 11.361189 0.083985 0.044224 -0.995485 5.691799 -0.190311 0.981337 0.027540 80.085022 0.000000 0.000000 0.000000 1.000000
0.978143 0.187150 0.090615 11.364769 0.083800 0.044029 -0.995509 5.690594 -0.190300 0.981344 0.027384 80.087555 0.000000 0.000000 0.000000 1.000000
0.978207 0.186972 0.090291 11.367092 0.083553 0.043626 -0.995548 5.689078 -0.190078 0.981396 0.027053 80.088600 0.000000 0.000000 0.000000 1.000000
0.978265 0.186862 0.089894 11.368767 0.083274 0.042995 -0.995599 5.687114 -0.189905 0.981445 0.026500 80.090942 0.000000 0.000000 0.000000 1.000000
0.978220 0.187060 0.089964 11.368034 0.083349 0.042945 -0.995595 5.684183 -0.190100 0.981409 0.026419 80.093971 0.000000 0.000000 0.000000 1.000000
0.978174 0.187143 0.090292 11.364703 0.083636 0.043177 -0.995561 5.680687 -0.190211 0.981383 0.026582 80.094337 0.000000 0.000000 0.000000 1.000000
0.978124 0.187223 0.090671 11.362123 0.083994 0.043309 -0.995525 5.676526 -0.190312 0.981362 0.026636 80.094696 0.000000 0.000000 0.000000 1.000000
0.978003 0.187539 0.091319 11.361965 0.084620 0.043439 -0.995466 5.673414 -0.190655 0.981296 0.026614 80.097328 0.000000 0.000000 0.000000 1.000000</float_array><technique_common><accessor source="#mixamorig_Hips-Matrix-animation-output-transform-array" count="174" stride="16"><param type="float4x4"/></accessor></technique_common></source><source id="mixamorig_Hips-Interpolations"><Name_array id="mixamorig_Hips-Interpolations-array" count="174">
 LINEAR LINEAR LINEAR LINEAR LINEAR LINEAR LINEAR LINEAR LINEAR LINEAR LINEAR
LINEAR LINEAR LINEAR LINEAR LINEAR LINEAR LINEAR LINEAR LINEAR LINEAR LINEAR LINEAR
LINEAR LINEAR LINEAR LINEAR LINEAR LINEAR LINEAR LINEAR LINEAR LINEAR LINEAR LINEAR
LINEAR LINEAR LINEAR LINEAR LINEAR LINEAR LINEAR LINEAR LINEAR LINEAR LINEAR LINEAR
LINEAR LINEAR LINEAR LINEAR LINEAR LINEAR LINEAR LINEAR LINEAR LINEAR LINEAR LINEAR
LINEAR LINEAR LINEAR LINEAR LINEAR LINEAR LINEAR LINEAR LINEAR LINEAR LINEAR LINEAR
LINEAR LINEAR LINEAR LINEAR LINEAR LINEAR LINEAR LINEAR LINEAR LINEAR LINEAR LINEAR
LINEAR LINEAR LINEAR LINEAR LINEAR LINEAR LINEAR LINEAR LINEAR LINEAR LINEAR LINEAR
LINEAR LINEAR LINEAR LINEAR LINEAR LINEAR LINEAR LINEAR LINEAR LINEAR LINEAR LINEAR
LINEAR LINEAR LINEAR LINEAR LINEAR LINEAR LINEAR LINEAR LINEAR LINEAR LINEAR LINEAR
LINEAR LINEAR LINEAR LINEAR LINEAR LINEAR LINEAR LINEAR LINEAR LINEAR LINEAR LINEAR
LINEAR LINEAR LINEAR LINEAR LINEAR LINEAR LINEAR LINEAR LINEAR LINEAR LINEAR LINEAR
LINEAR LINEAR LINEAR LINEAR LINEAR LINEAR LINEAR LINEAR LINEAR LINEAR LINEAR LINEAR
LINEAR LINEAR LINEAR LINEAR LINEAR LINEAR LINEAR LINEAR LINEAR LINEAR LINEAR LINEAR
LINEAR LINEAR LINEAR LINEAR LINEAR LINEAR LINEAR</Name_array><technique_common><accessor source="#mixamorig_Hips-Interpolations-array" count="174"><param type="name"/></accessor></technique_common></source><sampler id="mixamorig_Hips-Matrix-animation-transform"><input semantic="INPUT" source="#mixamorig_Hips-Matrix-animation-input"/><input semantic="OUTPUT" source="#mixamorig_Hips-Matrix-animation-output-transform"/><input semantic="INTERPOLATION" source="#mixamorig_Hips-Interpolations"/></sampler><channel source="#mixamorig_Hips-Matrix-animation-transform" target="mixamorig_Hips/matrix"/></animation>
    <animation id="mixamorig_Spine-anim" name="mixamorig_Spine"><source id="mixamorig_Spine-Matrix-animation-input"><float_array id="mixamorig_Spine-Matrix-animation-input-array" count="174">

0.000000 0.033333 0.066667 0.100000 0.133333 0.166667 0.200000 0.233333 0.266667 0.300000 0.333333 0.366667 0.400000 0.433333 0.466667 0.500000
0.533333 0.566667 0.600000 0.633333 0.666667 0.700000 0.733333 0.766667 0.800000 0.833333 0.866667 0.900000 0.933333 0.966667 1.000000 1.033333
1.066667 1.100000 1.133333 1.166667 1.200000 1.233333 1.266667 1.300000 1.333333 1.366667 1.400000 1.433333 1.466667 1.500000 1.533333 1.566667
1.600000 1.633333 1.666667 1.700000 1.733333 1.766667 1.800000 1.833333 1.866667 1.900000 1.933333 1.966667 2.000000 2.033333 2.066667 2.100000
2.133333 2.166667 2.200000 2.233333 2.266667 2.300000 2.333333 2.366667 2.400000 2.433333 2.466667 2.500000 2.533333 2.566667 2.600000 2.633333
2.666667 2.700000 2.733333 2.766667 2.800000 2.833333 2.866667 2.900000 2.933333 2.966667 3.000000 3.033333 3.066667 3.100000 3.133333 3.166667
3.200000 3.233333 3.266667 3.300000 3.333333 3.366667 3.400000 3.433333 3.466667 3.500000 3.533333 3.566667 3.600000 3.633333 3.666667 3.700000
3.733333 3.766667 3.800000 3.833333 3.866667 3.900000 3.933333 3.966667 4.000000 4.033333 4.066667 4.100000 4.133333 4.166667 4.200000 4.233333
4.266667 4.300000 4.333333 4.366667 4.400000 4.433333 4.466667 4.500000 4.533333 4.566667 4.600000 4.633333 4.666667 4.700000 4.733333 4.766667
4.800000 4.833333 4.866667 4.900000 4.933333 4.966667 5.000000 5.033333 5.066667 5.100000 5.133333 5.166667 5.200000 5.233333 5.266667 5.300000
5.333333 5.366667 5.400000 5.433333 5.466667 5.500000 5.533333 5.566667 5.600000 5.633333 5.666667 5.700000 5.733333 5.766667</float_array><technique_common><accessor source="#mixamorig_Spine-Matrix-animation-input-array" count="174"><param name="TIME" type="float"/></accessor></technique_common></source><source id="mixamorig_Spine-Matrix-animation-output-transform"><float_array id="mixamorig_Spine-Matrix-animation-output-transform-array" count="2784">

0.999898 -0.009746 0.010436 0.000000 0.010424 0.997701 -0.066965 5.549500 -0.009759 0.067067 0.997701 0.149900 0.000000 0.000000 0.000000 1.000000
0.999899 -0.009588 0.010466 0.000000 0.010266 0.997716 -0.066765 5.549500 -0.009802 0.066865 0.997714 0.149900 0.000000 0.000000 0.000000 1.000000
0.999900 -0.009439 0.010514 0.000000 0.010119 0.997724 -0.066670 5.549500 -0.009861 0.066770 0.997720 0.149900 0.000000 0.000000 0.000000 1.000000
0.999898 -0.009666 0.010557 -0.000000 0.010348 0.997726 -0.066602 5.549500 -0.009889 0.066704 0.997724 0.149900 0.000000 0.000000 0.000000 1.000000
0.999897 -0.009627 0.010617 0.000000 0.010312 0.997739 -0.066416 5.549500 -0.009953 0.066519 0.997736 0.149900 0.000000 0.000000 0.000000 1.000000
0.999898 -0.009511 0.010651 -0.000000 0.010197 0.997743 -0.066364 5.549500 -0.009996 0.066466 0.997739 0.149900 0.000000 0.000000 0.000000 1.000000
0.999897 -0.009676 0.010594 0.000000 0.010357 0.997748 -0.066268 5.549500 -0.009929 0.066371 0.997746 0.149900 0.000000 0.000000 0.000000 1.000000
0.999897 -0.009702 0.010587 0.000000 0.010381 0.997762 -0.066062 5.549500 -0.009922 0.066165 0.997759 0.149900 0.000000 0.000000 0.000000 1.000000
0.999897 -0.009678 0.010625 0.000000 0.010358 0.997773 -0.065897 5.549500 -0.009963 0.066001 0.997770 0.149900 0.000000 0.000000 0.000000 1.000000
0.999896 -0.009820 0.010605 0.000000 0.010497 0.997778 -0.065799 5.549500 -0.009935 0.065903 0.997777 0.149900 0.000000 0.000000 0.000000 1.000000
0.999895 -0.009952 0.010512 -0.000000 0.010624 0.997772 -0.065868 5.549500 -0.009833 0.065972 0.997773 0.149900 0.000000 0.000000 0.000000 1.000000
0.999897 -0.009976 0.010331 0.000000 0.010636 0.997768 -0.065925 5.549500 -0.009650 0.066028 0.997771 0.149900 0.000000 0.000000 0.000000 1.000000
0.999897 -0.010209 0.010065 0.000000 0.010851 0.997770 -0.065861 5.549500 -0.009371 0.065963 0.997778 0.149900 0.000000 0.000000 0.000000 1.000000
0.999895 -0.010595 0.009888 0.000000 0.011222 0.997778 -0.065667 5.549500 -0.009170 0.065771 0.997793 0.149900 0.000000 0.000000 0.000000 1.000000
0.999888 -0.011165 0.009933 -0.000000 0.011790 0.997799 -0.065261 5.549500 -0.009183 0.065371 0.997819 0.149900 0.000000 0.000000 0.000000 1.000000
0.999876 -0.012148 0.010013 0.000000 0.012769 0.997838 -0.064462 5.549500 -0.009208 0.064582 0.997870 0.149900 0.000000 0.000000 0.000000 1.000000
0.999852 -0.013709 0.010383 0.000000 0.014326 0.997980 -0.061889 5.549500 -0.009513 0.062029 0.998029 0.149900 0.000000 0.000000 0.000000 1.000000
0.999816 -0.015395 0.011454 0.000000 0.016009 0.998324 -0.055609 5.549500 -0.010579 0.055783 0.998387 0.149900 0.000000 0.000000 0.000000 1.000000
0.999783 -0.017158 0.011790 0.000000 0.017662 0.998871 -0.044095 5.549500 -0.011021 0.044293 0.998958 0.149900 0.000000 0.000000 0.000000 1.000000
0.999790 -0.018566 0.008667 0.000000 0.018825 0.999348 -0.030823 5.549500 -0.008089 0.030980 0.999487 0.149900 0.000000 0.000000 0.000000 1.000000
0.999802 -0.019699 0.002785 0.000000 0.019749 0.999616 -0.019428 5.549500 -0.002401 0.019479 0.999807 0.149900 0.000000 0.000000 0.000000 1.000000
0.999785 -0.020508 -0.003129 -0.000000 0.020472 0.999728 -0.011162 5.549500 0.003357 0.011095 0.999933 0.149900 0.000000 0.000000 0.000000 1.000000
0.999739 -0.021737 -0.006970 0.000000 0.021669 0.999719 -0.009621 5.549500 0.007177 0.009467 0.999929 0.149900 0.000000 0.000000 0.000000 1.000000
0.999609 -0.026367 -0.009328 0.000000 0.026222 0.999538 -0.015347 5.549500 0.009728 0.015097 0.999839 0.149900 0.000000 0.000000 0.000000 1.000000
0.999485 -0.030598 -0.009651 0.000000 0.030398 0.999333 -0.020224 5.549500 0.010263 0.019920 0.999749 0.149900 0.000000 0.000000 0.000000 1.000000
0.999509 -0.030193 -0.008360 0.000000 0.030021 0.999351 -0.019929 5.549500 0.008956 0.019668 0.999766 0.149900 0.000000 0.000000 0.000000 1.000000
0.999510 -0.030541 -0.006805 -0.000000 0.030447 0.999446 -0.013417 5.549500 0.007211 0.013204 0.999887 0.149900 0.000000 0.000000 0.000000 1.000000
0.999350 -0.035521 -0.006215 -0.000000 0.035489 0.999356 -0.005266 5.549500 0.006398 0.005042 0.999967 0.149900 0.000000 0.000000 0.000000 1.000000
0.999146 -0.040936 -0.005542 0.000000 0.040933 0.999162 -0.000659 5.549500 0.005564 0.000432 0.999984 0.149900 0.000000 0.000000 0.000000 1.000000
0.999048 -0.043493 -0.003485 0.000000 0.043492 0.999054 -0.000351 5.549500 0.003497 0.000199 0.999994 0.149900 0.000000 0.000000 0.000000 1.000000
0.999052 -0.043538 -0.000571 -0.000000 0.043536 0.999050 -0.002076 5.549500 0.000661 0.002049 0.999998 0.149900 0.000000 0.000000 0.000000 1.000000
0.999091 -0.042568 0.002123 0.000000 0.042577 0.999085 -0.004160 5.549500 -0.001944 0.004247 0.999989 0.149900 0.000000 0.000000 0.000000 1.000000
0.999111 -0.041821 0.005259 -0.000000 0.041849 0.999110 -0.005366 5.549500 -0.005030 0.005581 0.999972 0.149900 0.000000 0.000000 0.000000 1.000000
0.999044 -0.043077 0.007403 0.000000 0.043119 0.999054 -0.005647 5.549500 -0.007152 0.005961 0.999957 0.149900 0.000000 0.000000 0.000000 1.000000
0.998957 -0.044978 0.007903 0.000000 0.045024 0.998969 -0.005727 5.549500 -0.007637 0.006077 0.999952 0.149900 0.000000 0.000000 0.000000 1.000000
0.998896 -0.046583 0.006134 0.000000 0.046621 0.998894 -0.006176 5.549500 -0.005840 0.006456 0.999962 0.149900 0.000000 0.000000 0.000000 1.000000
0.998870 -0.047377 0.003733 0.000000 0.047403 0.998851 -0.007110 5.549500 -0.003392 0.007279 0.999968 0.149900 0.000000 0.000000 0.000000 1.000000
0.998886 -0.047126 0.002434 0.000000 0.047143 0.998859 -0.007634 5.549500 -0.002071 0.007740 0.999968 0.149900 0.000000 0.000000 0.000000 1.000000
0.998855 -0.047764 0.002585 -0.000000 0.047783 0.998830 -0.007497 5.549500 -0.002224 0.007612 0.999969 0.149900 0.000000 0.000000 0.000000 1.000000
0.998743 -0.049990 0.003584 0.000000 0.050015 0.998720 -0.007488 5.549500 -0.003205 0.007657 0.999966 0.149900 0.000000 0.000000 0.000000 1.000000
0.998658 -0.051577 0.004639 0.000000 0.051617 0.998628 -0.008776 5.549500 -0.004180 0.009004 0.999951 0.149900 0.000000 0.000000 0.000000 1.000000
0.998741 -0.049710 0.006778 -0.000000 0.049782 0.998701 -0.010845 5.549500 -0.006230 0.011169 0.999918 0.149900 0.000000 0.000000 0.000000 1.000000
0.998984 -0.043761 0.010811 0.000000 0.043891 0.998963 -0.012068 5.549500 -0.010271 0.012530 0.999869 0.149900 0.000000 0.000000 0.000000 1.000000
0.999256 -0.035186 0.015779 0.000000 0.035384 0.999296 -0.012437 5.549500 -0.015330 0.012986 0.999798 0.149900 0.000000 0.000000 0.000000 1.000000
0.999426 -0.027744 0.019466 -0.000000 0.027993 0.999528 -0.012657 5.549500 -0.019106 0.013195 0.999730 0.149900 0.000000 0.000000 0.000000 1.000000
0.999435 -0.028054 0.018531 0.000000 0.028325 0.999493 -0.014557 5.549500 -0.018114 0.015073 0.999722 0.149900 0.000000 0.000000 0.000000 1.000000
0.999331 -0.033825 0.013879 0.000000 0.034089 0.999233 -0.019291 5.549500 -0.013215 0.019751 0.999718 0.149900 0.000000 0.000000 0.000000 1.000000
0.999206 -0.038578 0.009916 -0.000000 0.038803 0.998969 -0.023575 5.549500 -0.008996 0.023941 0.999673 0.149900 0.000000 0.000000 0.000000 1.000000
0.999074 -0.042144 0.008657 -0.000000 0.042361 0.998744 -0.026756 5.549500 -0.007519 0.027098 0.999605 0.149900 0.000000 0.000000 0.000000 1.000000
0.998833 -0.047362 0.009441 0.000000 0.047622 0.998430 -0.029492 5.549500 -0.008029 0.029908 0.999520 0.149900 0.000000 0.000000 0.000000 1.000000
