<?xml version="1.0" encoding="utf-8"?>
<COLLADA xmlns="http://www.collada.org/2005/11/COLLADASchema" version="1.4.1">
  <asset><contributor><author>Mixamo</author><authoring_tool>COLLADA Mixamo exporter</authoring_tool><comments></comments></contributor><created>2020-03-12T16:23:23Z</created><modified>2020-03-12T16:23:23Z</modified><revision></revision><title></title><unit meter="0.304800"/><up_axis>Y_UP</up_axis></asset>
  <library_animations>
    <animation id="mixamorig_Hips-anim" name="mixamorig_Hips"><source id="mixamorig_Hips-Matrix-animation-input"><float_array id="mixamorig_Hips-Matrix-animation-input-array" count="301">

0.000000 0.033333 0.066667 0.100000 0.133333 0.166667 0.200000 0.233333 0.266667 0.300000 0.333333 0.366667 0.400000 0.433333 0.466667 0.500000
0.533333 0.566667 0.600000 0.633333 0.666667 0.700000 0.733333 0.766667 0.800000 0.833333 0.866667 0.900000 0.933333 0.966667 1.000000 1.033333
1.066667 1.100000 1.133333 1.166667 1.200000 1.233333 1.266667 1.300000 1.333333 1.366667 1.400000 1.433333 1.466667 1.500000 1.533333 1.566667
1.600000 1.633333 1.666667 1.700000 1.733333 1.766667 1.800000 1.833333 1.866667 1.900000 1.933333 1.966667 2.000000 2.033333 2.066667 2.100000
2.133333 2.166667 2.200000 2.233333 2.266667 2.300000 2.333333 2.366667 2.400000 2.433333 2.466667 2.500000 2.533333 2.566667 2.600000 2.633333
2.666667 2.700000 2.733333 2.766667 2.800000 2.833333 2.866667 2.900000 2.933333 2.966667 3.000000 3.033333 3.066667 3.100000 3.133333 3.166667
3.200000 3.233333 3.266667 3.300000 3.333333 3.366667 3.400000 3.433333 3.466667 3.500000 3.533333 3.566667 3.600000 3.633333 3.666667 3.700000
3.733333 3.766667 3.800000 3.833333 3.866667 3.900000 3.933333 3.966667 4.000000 4.033333 4.066667 4.100000 4.133333 4.166667 4.200000 4.233333
4.266667 4.300000 4.333333 4.366667 4.400000 4.433333 4.466667 4.500000 4.533333 4.566667 4.600000 4.633333 4.666667 4.700000 4.733333 4.766667
4.800000 4.833333 4.866667 4.900000 4.933333 4.966667 5.000000 5.033333 5.066667 5.100000 5.133333 5.166667 5.200000 5.233333 5.266667 5.300000
5.333333 5.366667 5.400000 5.433333 5.466667 5.500000 5.533333 5.566667 5.600000 5.633333 5.666667 5.700000 5.733333 5.766667 5.800000 5.833333
5.866667 5.900000 5.933333 5.966667 6.000000 6.033333 6.066667 6.100000 6.133333 6.166667 6.200000 6.233333 6.266667 6.300000 6.333333 6.366667
6.400000 6.433333 6.466667 6.500000 6.533333 6.566667 6.600000 6.633333 6.666667 6.700000 6.733333 6.766667 6.800000 6.833333 6.866667 6.900000
6.933333 6.966667 7.000000 7.033333 7.066667 7.100000 7.133333 7.166667 7.200000 7.233333 7.266667 7.300000 7.333333 7.366667 7.400000 7.433333
7.466667 7.500000 7.533333 7.566667 7.600000 7.633333 7.666667 7.700000 7.733333 7.766667 7.800000 7.833333 7.866667 7.900000 7.933333 7.966667
8.000000 8.033333 8.066667 8.100000 8.133333 8.166667 8.200000 8.233333 8.266667 8.300000 8.333333 8.366667 8.400000 8.433333 8.466667 8.500000
8.533333 8.566667 8.600000 8.633333 8.666667 8.700000 8.733333 8.766667 8.800000 8.833333 8.866667 8.900000 8.933333 8.966667 9.000000 9.033333
9.066667 9.100000 9.133333 9.166667 9.200000 9.233333 9.266667 9.300000 9.333333 9.366667 9.400000 9.433333 9.466667 9.500000 9.533333 9.566667
9.600000 9.633333 9.666667 9.700000 9.733333 9.766667 9.800000 9.833333 9.866667 9.900000 9.933333 9.966667 10.000000</float_array><technique_common><accessor source="#mixamorig_Hips-Matrix-animation-input-array" count="301"><param name="TIME" type="float"/></accessor></technique_common></source><source id="mixamorig_Hips-Matrix-animation-output-transform"><float_array id="mixamorig_Hips-Matrix-animation-output-transform-array" count="4816">

0.730271 0.050222 -0.681309 0.141912 0.003753 0.996984 0.077514 48.393280 0.683147 -0.059163 0.727880 -0.582533 0.000000 0.000000 0.000000 1.000000
0.729966 0.050496 -0.681615 0.148521 0.003748 0.996956 0.077871 48.397850 0.683473 -0.059398 0.727555 -0.587957 0.000000 0.000000 0.000000 1.000000
0.729747 0.050827 -0.681826 0.156038 0.003679 0.996927 0.078253 48.402607 0.683708 -0.059613 0.727317 -0.591274 0.000000 0.000000 0.000000 1.000000
0.729742 0.051203 -0.681802 0.163494 0.003522 0.996897 0.078636 48.407799 0.683713 -0.059785 0.727298 -0.591000 0.000000 0.000000 0.000000 1.000000
0.730018 0.051598 -0.681477 0.169546 0.003328 0.996866 0.079042 48.413486 0.683419 -0.059970 0.727559 -0.585764 0.000000 0.000000 0.000000 1.000000
0.730511 0.052011 -0.680918 0.173412 0.003190 0.996825 0.079564 48.419464 0.682894 -0.060295 0.728025 -0.575239 0.000000 0.000000 0.000000 1.000000
0.731062 0.052451 -0.680292 0.175375 0.003166 0.996769 0.080255 48.426044 0.682304 -0.060825 0.728534 -0.560143 0.000000 0.000000 0.000000 1.000000
0.731503 0.052872 -0.679785 0.176283 0.003237 0.996708 0.081005 48.434502 0.681830 -0.061456 0.728924 -0.541407 0.000000 0.000000 0.000000 1.000000
0.731740 0.053190 -0.679505 0.177041 0.003339 0.996659 0.081612 48.445908 0.681575 -0.061988 0.729118 -0.519491 0.000000 0.000000 0.000000 1.000000
0.731759 0.053392 -0.679469 0.178719 0.003417 0.996627 0.081993 48.459648 0.681555 -0.062321 0.729108 -0.494744 0.000000 0.000000 0.000000 1.000000
0.731590 0.053567 -0.679637 0.182893 0.003467 0.996603 0.082281 48.473186 0.681736 -0.062552 0.728919 -0.468149 0.000000 0.000000 0.000000 1.000000
0.731330 0.053816 -0.679898 0.190731 0.003539 0.996569 0.082688 48.483627 0.682015 -0.062878 0.728630 -0.441408 0.000000 0.000000 0.000000 1.000000
0.731179 0.054165 -0.680032 0.201245 0.003675 0.996516 0.083325 48.489929 0.682176 -0.063425 0.728432 -0.415933 0.000000 0.000000 0.000000 1.000000
0.731366 0.054595 -0.679797 0.211299 0.003839 0.996445 0.084156 48.494045 0.681975 -0.064158 0.728556 -0.391996 0.000000 0.000000 0.000000 1.000000
0.731894 0.055078 -0.679189 0.217925 0.003934 0.996370 0.085038 48.499859 0.681407 -0.064911 0.729020 -0.369108 0.000000 0.000000 0.000000 1.000000
0.732446 0.055550 -0.678555 0.221026 0.003895 0.996308 0.085767 48.510361 0.680814 -0.065462 0.729525 -0.347238 0.000000 0.000000 0.000000 1.000000
0.732612 0.055933 -0.678344 0.223009 0.003737 0.996272 0.086183 48.525505 0.680636 -0.065674 0.729672 -0.326997 0.000000 0.000000 0.000000 1.000000
0.732274 0.056199 -0.678688 0.226178 0.003531 0.996262 0.086306 48.542374 0.681001 -0.065596 0.729338 -0.308704 0.000000 0.000000 0.000000 1.000000
0.731697 0.056402 -0.679292 0.230795 0.003347 0.996261 0.086326 48.557461 0.681622 -0.065438 0.728773 -0.291598 0.000000 0.000000 0.000000 1.000000
0.731262 0.056599 -0.679744 0.235617 0.003227 0.996253 0.086424 48.568729 0.682089 -0.065392 0.728340 -0.274171 0.000000 0.000000 0.000000 1.000000
0.731153 0.056784 -0.679847 0.239424 0.003188 0.996235 0.086639 48.576458 0.682206 -0.065513 0.728219 -0.254933 0.000000 0.000000 0.000000 1.000000
0.731300 0.056914 -0.679677 0.241777 0.003232 0.996212 0.086898 48.582466 0.682048 -0.065745 0.728346 -0.233367 0.000000 0.000000 0.000000 1.000000
0.731538 0.056971 -0.679417 0.243012 0.003342 0.996191 0.087132 48.588486 0.681793 -0.066011 0.728561 -0.210230 0.000000 0.000000 0.000000 1.000000
0.731727 0.056973 -0.679212 0.243748 0.003482 0.996175 0.087311 48.594917 0.681589 -0.066253 0.728730 -0.187262 0.000000 0.000000 0.000000 1.000000
0.731773 0.056933 -0.679166 0.244609 0.003621 0.996166 0.087407 48.600941 0.681539 -0.066421 0.728761 -0.166749 0.000000 0.000000 0.000000 1.000000
0.731625 0.056848 -0.679332 0.245993 0.003735 0.996168 0.087384 48.605709 0.681697 -0.066470 0.728609 -0.150942 0.000000 0.000000 0.000000 1.000000
0.731329 0.056733 -0.679661 0.247675 0.003794 0.996180 0.087236 48.609142 0.682015 -0.066377 0.728320 -0.141174 0.000000 0.000000 0.000000 1.000000
0.731016 0.056634 -0.680006 0.249049 0.003763 0.996200 0.087013 48.611816 0.682349 -0.066167 0.728026 -0.137251 0.000000 0.000000 0.000000 1.000000
0.730780 0.056575 -0.680264 0.249894 0.003651 0.996221 0.086774 48.613510 0.682603 -0.065897 0.727812 -0.138160 0.000000 0.000000 0.000000 1.000000
0.730611 0.056536 -0.680449 0.250854 0.003525 0.996241 0.086558 48.612564 0.682785 -0.065639 0.727665 -0.143271 0.000000 0.000000 0.000000 1.000000
0.730490 0.056497 -0.680583 0.252666 0.003448 0.996254 0.086403 48.606857 0.682915 -0.065463 0.727559 -0.152524 0.000000 0.000000 0.000000 1.000000
0.730475 0.056499 -0.680599 0.255429 0.003417 0.996257 0.086371 48.596165 0.682931 -0.065417 0.727548 -0.165761 0.000000 0.000000 0.000000 1.000000
0.730635 0.056598 -0.680419 0.258270 0.003369 0.996247 0.086488 48.583176 0.682760 -0.065483 0.727702 -0.182267 0.000000 0.000000 0.000000 1.000000
0.730924 0.056767 -0.680093 0.259961 0.003263 0.996232 0.086661 48.572369 0.682451 -0.065562 0.727985 -0.200780 0.000000 0.000000 0.000000 1.000000
0.731149 0.056866 -0.679844 0.260071 0.003128 0.996230 0.086694 48.567043 0.682211 -0.065513 0.728215 -0.220143 0.000000 0.000000 0.000000 1.000000
0.731105 0.056764 -0.679899 0.259634 0.003035 0.996253 0.086439 48.566631 0.682258 -0.065259 0.728193 -0.240077 0.000000 0.000000 0.000000 1.000000
0.730752 0.056485 -0.680302 0.260468 0.003020 0.996294 0.085965 48.566727 0.682636 -0.064874 0.727873 -0.261176 0.000000 0.000000 0.000000 1.000000
0.730298 0.056203 -0.680813 0.263229 0.003051 0.996331 0.085523 48.561993 0.683122 -0.064535 0.727447 -0.283785 0.000000 0.000000 0.000000 1.000000
0.730047 0.056064 -0.681093 0.266636 0.003078 0.996349 0.085313 48.550243 0.683390 -0.064379 0.727209 -0.306830 0.000000 0.000000 0.000000 1.000000
0.730130 0.056034 -0.681007 0.268704 0.003098 0.996350 0.085302 48.534134 0.683301 -0.064391 0.727292 -0.328372 0.000000 0.000000 0.000000 1.000000
0.730373 0.055970 -0.680752 0.268580 0.003149 0.996351 0.085296 48.518784 0.683041 -0.064441 0.727531 -0.347249 0.000000 0.000000 0.000000 1.000000
0.730468 0.055794 -0.680664 0.266877 0.003241 0.996363 0.085150 48.508011 0.682939 -0.064405 0.727631 -0.364091 0.000000 0.000000 0.000000 1.000000
0.730238 0.055541 -0.680931 0.264665 0.003349 0.996387 0.084863 48.501976 0.683185 -0.064251 0.727414 -0.380883 0.000000 0.000000 0.000000 1.000000
0.729744 0.055277 -0.681482 0.262846 0.003451 0.996416 0.084517 48.497673 0.683712 -0.064027 0.726938 -0.399816 0.000000 0.000000 0.000000 1.000000
0.729202 0.055038 -0.682081 0.261993 0.003530 0.996444 0.084178 48.491726 0.684289 -0.063791 0.726415 -0.422199 0.000000 0.000000 0.000000 1.000000
0.728812 0.054844 -0.682514 0.262185 0.003561 0.996470 0.083875 48.482666 0.684705 -0.063559 0.726044 -0.447916 0.000000 0.000000 0.000000 1.000000
0.728656 0.054699 -0.682692 0.262849 0.003523 0.996493 0.083602 48.471397 0.684871 -0.063322 0.725908 -0.475529 0.000000 0.000000 0.000000 1.000000
0.728704 0.054563 -0.682652 0.263300 0.003449 0.996516 0.083331 48.460167 0.684820 -0.063079 0.725977 -0.503118 0.000000 0.000000 0.000000 1.000000
0.728869 0.054373 -0.682490 0.263501 0.003406 0.996541 0.083032 48.450867 0.684644 -0.062844 0.726163 -0.528975 0.000000 0.000000 0.000000 1.000000
0.729043 0.054102 -0.682327 0.264344 0.003438 0.996569 0.082691 48.443741 0.684460 -0.062631 0.726356 -0.551764 0.000000 0.000000 0.000000 1.000000
0.729100 0.053774 -0.682292 0.266891 0.003534 0.996600 0.082322 48.437561 0.684398 -0.062432 0.726431 -0.570376 0.000000 0.000000 0.000000 1.000000
0.728965 0.053461 -0.682460 0.271182 0.003642 0.996629 0.081962 48.431034 0.684541 -0.062234 0.726313 -0.584262 0.000000 0.000000 0.000000 1.000000
0.728667 0.053244 -0.682795 0.276160 0.003702 0.996653 0.081669 48.424030 0.684858 -0.062038 0.726031 -0.593922 0.000000 0.000000 0.000000 1.000000
0.728323 0.053145 -0.683170 0.280530 0.003693 0.996669 0.081470 48.417362 0.685224 -0.061860 0.725701 -0.600849 0.000000 0.000000 0.000000 1.000000
0.728065 0.053102 -0.683448 0.283450 0.003648 0.996681 0.081325 48.411880 0.685498 -0.061703 0.725455 -0.606748 0.000000 0.000000 0.000000 1.000000
0.727972 0.053019 -0.683554 0.284822 0.003608 0.996695 0.081150 48.407894 0.685597 -0.061541 0.725375 -0.612702 0.000000 0.000000 0.000000 1.000000
0.728044 0.052852 -0.683490 0.285195 0.003581 0.996717 0.080888 48.405231 0.685521 -0.061337 0.725464 -0.619021 0.000000 0.000000 0.000000 1.000000
0.728174 0.052611 -0.683370 0.285586 0.003567 0.996745 0.080539 48.403488 0.685383 -0.061084 0.725616 -0.625601 0.000000 0.000000 0.000000 1.000000
0.728219 0.052325 -0.683344 0.286758 0.003587 0.996777 0.080147 48.402092 0.685335 -0.060816 0.725684 -0.631956 0.000000 0.000000 0.000000 1.000000
0.728115 0.052036 -0.683477 0.288665 0.003652 0.996806 0.079781 48.400635 0.685445 -0.060586 0.725599 -0.636861 0.000000 0.000000 0.000000 1.000000
0.727914 0.051811 -0.683708 0.290635 0.003731 0.996827 0.079511 48.399391 0.685659 -0.060428 0.725411 -0.638398 0.000000 0.000000 0.000000 1.000000
0.727726 0.051708 -0.683916 0.291975 0.003771 0.996837 0.079379 48.399326 0.685858 -0.060345 0.725229 -0.634843 0.000000 0.000000 0.000000 1.000000
0.727613 0.051724 -0.684035 0.292378 0.003754 0.996838 0.079371 48.401485 0.685978 -0.060319 0.725118 -0.625576 0.000000 0.000000 0.000000 1.000000
0.727530 0.051810 -0.684117 0.291921 0.003699 0.996834 0.079427 48.406506 0.686066 -0.060316 0.725035 -0.611263 0.000000 0.000000 0.000000 1.000000
0.727368 0.051920 -0.684281 0.290981 0.003641 0.996828 0.079505 48.414036 0.686238 -0.060321 0.724871 -0.593169 0.000000 0.000000 0.000000 1.000000
0.727060 0.052051 -0.684598 0.289781 0.003607 0.996819 0.079620 48.423004 0.686565 -0.060358 0.724559 -0.572405 0.000000 0.000000 0.000000 1.000000
0.726654 0.052227 -0.685016 0.288159 0.003610 0.996802 0.079828 48.432095 0.686994 -0.060481 0.724141 -0.549762 0.000000 0.000000 0.000000 1.000000
0.726280 0.052472 -0.685393 0.285731 0.003644 0.996774 0.080172 48.440613 0.687389 -0.060725 0.723747 -0.525944 0.000000 0.000000 0.000000 1.000000
0.726051 0.052777 -0.685613 0.282151 0.003692 0.996737 0.080636 48.448761 0.687631 -0.061077 0.723487 -0.501716 0.000000 0.000000 0.000000 1.000000
0.725984 0.053098 -0.685659 0.277344 0.003738 0.996695 0.081143 48.457500 0.687702 -0.061471 0.723386 -0.477707 0.000000 0.000000 0.000000 1.000000
0.726016 0.053384 -0.685602 0.271273 0.003773 0.996658 0.081600 48.467819 0.687667 -0.061830 0.723389 -0.453988 0.000000 0.000000 0.000000 1.000000
0.726064 0.053600 -0.685535 0.264293 0.003805 0.996629 0.081953 48.480076 0.687617 -0.062112 0.723412 -0.430036 0.000000 0.000000 0.000000 1.000000
0.726066 0.053735 -0.685522 0.257309 0.003867 0.996607 0.082215 48.493736 0.687614 -0.062345 0.723395 -0.405333 0.000000 0.000000 0.000000 1.000000
0.726018 0.053808 -0.685567 0.251351 0.004003 0.996586 0.082458 48.507351 0.687664 -0.062611 0.723325 -0.380044 0.000000 0.000000 0.000000 1.000000
0.725992 0.053881 -0.685589 0.246422 0.004213 0.996559 0.082781 48.519539 0.687690 -0.062987 0.723267 -0.354991 0.000000 0.000000 0.000000 1.000000
0.726081 0.054045 -0.685482 0.241430 0.004429 0.996518 0.083260 48.529831 0.687595 -0.063490 0.723314 -0.330841 0.000000 0.000000 0.000000 1.000000
0.726307 0.054366 -0.685217 0.235281 0.004564 0.996464 0.083898 48.539085 0.687356 -0.064063 0.723490 -0.307699 0.000000 0.000000 0.000000 1.000000
0.726561 0.054815 -0.684913 0.228025 0.004590 0.996403 0.084613 48.548878 0.687087 -0.064620 0.723696 -0.285474 0.000000 0.000000 0.000000 1.000000
0.726705 0.055280 -0.684722 0.220694 0.004569 0.996346 0.085288 48.560123 0.686935 -0.065108 0.723797 -0.264453 0.000000 0.000000 0.000000 1.000000
0.726720 0.055639 -0.684677 0.214095 0.004588 0.996299 0.085831 48.572495 0.686919 -0.065517 0.723775 -0.245353 0.000000 0.000000 0.000000 1.000000
0.726728 0.055839 -0.684652 0.208342 0.004674 0.996266 0.086215 48.584682 0.686909 -0.065855 0.723753 -0.228852 0.000000 0.000000 0.000000 1.000000
0.726885 0.055919 -0.684479 0.203191 0.004793 0.996242 0.086479 48.595116 0.686742 -0.066141 0.723885 -0.215260 0.000000 0.000000 0.000000 1.000000
0.727227 0.055960 -0.684112 0.198926 0.004905 0.996222 0.086705 48.602581 0.686379 -0.066410 0.724206 -0.204495 0.000000 0.000000 0.000000 1.000000
0.727630 0.056037 -0.683677 0.196073 0.004987 0.996199 0.086960 48.606789 0.685951 -0.066684 0.724585 -0.196120 0.000000 0.000000 0.000000 1.000000
0.727902 0.056178 -0.683376 0.194614 0.005019 0.996175 0.087238 48.608810 0.685663 -0.066931 0.724835 -0.189489 0.000000 0.000000 0.000000 1.000000
0.727927 0.056358 -0.683334 0.193620 0.004978 0.996156 0.087461 48.610481 0.685636 -0.067067 0.724848 -0.183954 0.000000 0.000000 0.000000 1.000000
0.727711 0.056495 -0.683553 0.192179 0.004882 0.996150 0.087528 48.613209 0.685866 -0.067032 0.724634 -0.179074 0.000000 0.000000 0.000000 1.000000
0.727342 0.056489 -0.683946 0.190295 0.004801 0.996163 0.087381 48.617001 0.686258 -0.066840 0.724281 -0.174749 0.000000 0.000000 0.000000 1.000000
0.726953 0.056304 -0.684375 0.188548 0.004799 0.996192 0.087055 48.620174 0.686670 -0.066570 0.723915 -0.171380 0.000000 0.000000 0.000000 1.000000
0.726685 0.056021 -0.684682 0.187384 0.004862 0.996225 0.086672 48.620640 0.686953 -0.066312 0.723670 -0.169988 0.000000 0.000000 0.000000 1.000000
0.726648 0.055778 -0.684742 0.186838 0.004896 0.996253 0.086348 48.617447 0.686993 -0.066097 0.723652 -0.171820 0.000000 0.000000 0.000000 1.000000
0.726834 0.055644 -0.684555 0.186780 0.004815 0.996275 0.086094 48.611591 0.686796 -0.065872 0.723859 -0.177537 0.000000 0.000000 0.000000 1.000000
0.727100 0.055581 -0.684278 0.187083 0.004607 0.996300 0.085821 48.605152 0.686516 -0.065553 0.724154 -0.186957 0.000000 0.000000 0.000000 1.000000
0.727259 0.055513 -0.684115 0.187687 0.004324 0.996334 0.085445 48.599705 0.686350 -0.065099 0.724352 -0.199329 0.000000 0.000000 0.000000 1.000000
0.727215 0.055388 -0.684171 0.188751 0.004028 0.996378 0.084944 48.595417 0.686398 -0.064528 0.724358 -0.213830 0.000000 0.000000 0.000000 1.000000
0.727003 0.055196 -0.684412 0.190700 0.003755 0.996429 0.084348 48.591408 0.686624 -0.063892 0.724200 -0.229851 0.000000 0.000000 0.000000 1.000000
0.726729 0.054962 -0.684722 0.194062 0.003520 0.996483 0.083723 48.586472 0.686916 -0.063254 0.723979 -0.246974 0.000000 0.000000 0.000000 1.000000
0.726514 0.054734 -0.684968 0.198822 0.003317 0.996532 0.083149 48.579823 0.687143 -0.062681 0.723813 -0.264831 0.000000 0.000000 0.000000 1.000000
0.726467 0.054549 -0.685033 0.204418 0.003128 0.996572 0.082673 48.571362 0.687194 -0.062202 0.723806 -0.282944 0.000000 0.000000 0.000000 1.000000
0.726619 0.054400 -0.684884 0.210164 0.002936 0.996605 0.082275 48.561668 0.687034 -0.061793 0.723993 -0.300858 0.000000 0.000000 0.000000 1.000000
0.726903 0.054249 -0.684595 0.215698 0.002741 0.996638 0.081886 48.551529 0.686735 -0.061400 0.724310 -0.318483 0.000000 0.000000 0.000000 1.000000
0.727176 0.054057 -0.684319 0.220938 0.002568 0.996673 0.081460 48.541634 0.686446 -0.060993 0.724619 -0.336164 0.000000 0.000000 0.000000 1.000000
0.727330 0.053817 -0.684174 0.225957 0.002453 0.996710 0.081009 48.531994 0.686283 -0.060599 0.724806 -0.354436 0.000000 0.000000 0.000000 1.000000
0.727348 0.053561 -0.684176 0.230725 0.002408 0.996744 0.080590 48.522011 0.686265 -0.060264 0.724851 -0.373646 0.000000 0.000000 0.000000 1.000000
0.727288 0.053323 -0.684258 0.235096 0.002409 0.996773 0.080237 48.511120 0.686329 -0.060004 0.724812 -0.393829 0.000000 0.000000 0.000000 1.000000
0.727215 0.053109 -0.684352 0.238862 0.002426 0.996797 0.079935 48.499481 0.686405 -0.059790 0.724757 -0.414891 0.000000 0.000000 0.000000 1.000000
0.727155 0.052909 -0.684431 0.241913 0.002439 0.996820 0.079649 48.488045 0.686468 -0.059587 0.724714 -0.436745 0.000000 0.000000 0.000000 1.000000
0.727103 0.052732 -0.684500 0.244187 0.002437 0.996841 0.079382 48.477623 0.686524 -0.059387 0.724678 -0.459301 0.000000 0.000000 0.000000 1.000000
0.727049 0.052603 -0.684567 0.245702 0.002416 0.996859 0.079166 48.468182 0.686581 -0.059211 0.724638 -0.482275 0.000000 0.000000 0.000000 1.000000
0.726996 0.052529 -0.684629 0.246703 0.002385 0.996870 0.079019 48.459332 0.686637 -0.059079 0.724596 -0.505289 0.000000 0.000000 0.000000 1.000000
0.726953 0.052476 -0.684679 0.247637 0.002369 0.996878 0.078920 48.451031 0.686683 -0.058993 0.724560 -0.527963 0.000000 0.000000 0.000000 1.000000
0.726943 0.052413 -0.684695 0.248966 0.002389 0.996884 0.078847 48.443474 0.686694 -0.058953 0.724553 -0.550009 0.000000 0.000000 0.000000 1.000000
0.726992 0.052348 -0.684648 0.251015 0.002434 0.996887 0.078806 48.436432 0.686642 -0.058958 0.724601 -0.570895 0.000000 0.000000 0.000000 1.000000
0.727089 0.052307 -0.684547 0.254081 0.002479 0.996887 0.078806 48.429359 0.686538 -0.058996 0.724696 -0.590070 0.000000 0.000000 0.000000 1.000000
0.727187 0.052296 -0.684445 0.258553 0.002502 0.996885 0.078827 48.422253 0.686435 -0.059035 0.724791 -0.607404 0.000000 0.000000 0.000000 1.000000
0.727245 0.052303 -0.684383 0.264452 0.002498 0.996884 0.078840 48.415745 0.686374 -0.059045 0.724848 -0.623464 0.000000 0.000000 0.000000 1.000000
0.727272 0.052317 -0.684352 0.271222 0.002474 0.996884 0.078838 48.410648 0.686345 -0.059030 0.724877 -0.638861 0.000000 0.000000 0.000000 1.000000
0.727311 0.052322 -0.684310 0.278114 0.002458 0.996885 0.078834 48.407326 0.686303 -0.059019 0.724917 -0.653583 0.000000 0.000000 0.000000 1.000000
0.727384 0.052306 -0.684235 0.284756 0.002480 0.996884 0.078842 48.405628 0.686227 -0.059045 0.724987 -0.666884 0.000000 0.000000 0.000000 1.000000
0.727480 0.052272 -0.684135 0.291280 0.002548 0.996881 0.078878 48.405212 0.686124 -0.059125 0.725078 -0.677662 0.000000 0.000000 0.000000 1.000000
0.727579 0.052248 -0.684032 0.297854 0.002648 0.996874 0.078961 48.406078 0.686019 -0.059262 0.725166 -0.684719 0.000000 0.000000 0.000000 1.000000
0.727655 0.052267 -0.683950 0.304305 0.002759 0.996862 0.079114 48.408318 0.685938 -0.059454 0.725227 -0.687071 0.000000 0.000000 0.000000 1.000000
0.727694 0.052363 -0.683901 0.310165 0.002859 0.996842 0.079365 48.411816 0.685896 -0.059708 0.725246 -0.684330 0.000000 0.000000 0.000000 1.000000
0.727676 0.052560 -0.683904 0.315156 0.002933 0.996812 0.079729 48.416138 0.685914 -0.060023 0.725203 -0.676665 0.000000 0.000000 0.000000 1.000000
0.727574 0.052859 -0.683990 0.319427 0.002979 0.996774 0.080200 48.421021 0.686023 -0.060389 0.725069 -0.664521 0.000000 0.000000 0.000000 1.000000
0.727389 0.053245 -0.684156 0.323028 0.002998 0.996729 0.080759 48.426559 0.686219 -0.060794 0.724850 -0.648470 0.000000 0.000000 0.000000 1.000000
0.727196 0.053690 -0.684327 0.325607 0.002990 0.996679 0.081373 48.432873 0.686424 -0.061220 0.724620 -0.629252 0.000000 0.000000 0.000000 1.000000
0.727110 0.054132 -0.684383 0.326654 0.002957 0.996630 0.081971 48.440117 0.686514 -0.061625 0.724500 -0.607570 0.000000 0.000000 0.000000 1.000000
0.727205 0.054483 -0.684255 0.326072 0.002915 0.996591 0.082450 48.448845 0.686414 -0.061953 0.724567 -0.583879 0.000000 0.000000 0.000000 1.000000
0.727431 0.054695 -0.683998 0.324360 0.002890 0.996565 0.082763 48.459942 0.686175 -0.062181 0.724774 -0.558366 0.000000 0.000000 0.000000 1.000000
0.727648 0.054793 -0.683759 0.322053 0.002905 0.996549 0.082950 48.473736 0.685945 -0.062345 0.724978 -0.531068 0.000000 0.000000 0.000000 1.000000
0.727714 0.054832 -0.683686 0.319518 0.002984 0.996537 0.083099 48.489277 0.685874 -0.062513 0.725030 -0.502048 0.000000 0.000000 0.000000 1.000000
0.727596 0.054871 -0.683808 0.317147 0.003126 0.996520 0.083291 48.504677 0.685999 -0.062739 0.724892 -0.471751 0.000000 0.000000 0.000000 1.000000
0.727417 0.054993 -0.683989 0.314997 0.003279 0.996493 0.083606 48.517982 0.686188 -0.063060 0.724686 -0.441244 0.000000 0.000000 0.000000 1.000000
0.727341 0.055264 -0.684048 0.312688 0.003381 0.996452 0.084097 48.528404 0.686268 -0.063480 0.724573 -0.411831 0.000000 0.000000 0.000000 1.000000
0.727426 0.055659 -0.683925 0.309477 0.003422 0.996398 0.084727 48.536861 0.686178 -0.063973 0.724615 -0.384443 0.000000 0.000000 0.000000 1.000000
0.727585 0.056065 -0.683723 0.304927 0.003457 0.996342 0.085380 48.545288 0.686009 -0.064485 0.724730 -0.359375 0.000000 0.000000 0.000000 1.000000
0.727695 0.056379 -0.683579 0.299413 0.003540 0.996294 0.085939 48.555218 0.685891 -0.064957 0.724799 -0.336530 0.000000 0.000000 0.000000 1.000000
0.727703 0.056574 -0.683555 0.293862 0.003661 0.996258 0.086353 48.566734 0.685882 -0.065342 0.724773 -0.315770 0.000000 0.000000 0.000000 1.000000
0.727636 0.056697 -0.683617 0.288971 0.003771 0.996233 0.086638 48.578896 0.685953 -0.065619 0.724681 -0.297015 0.000000 0.000000 0.000000 1.000000
0.727546 0.056806 -0.683703 0.284729 0.003847 0.996213 0.086865 48.590443 0.686048 -0.065829 0.724572 -0.280301 0.000000 0.000000 0.000000 1.000000
0.727496 0.056940 -0.683745 0.280514 0.003920 0.996189 0.087130 48.600418 0.686101 -0.066067 0.724500 -0.265750 0.000000 0.000000 0.000000 1.000000
0.727541 0.057099 -0.683684 0.275628 0.004032 0.996158 0.087487 48.608459 0.686052 -0.066407 0.724516 -0.253402 0.000000 0.000000 0.000000 1.000000
0.727699 0.057271 -0.683501 0.269903 0.004170 0.996120 0.087905 48.614655 0.685884 -0.066819 0.724637 -0.243209 0.000000 0.000000 0.000000 1.000000
0.727897 0.057444 -0.683276 0.263558 0.004287 0.996084 0.088308 48.619255 0.685673 -0.067208 0.724801 -0.235247 0.000000 0.000000 0.000000 1.000000
0.728007 0.057596 -0.683147 0.257063 0.004363 0.996055 0.088627 48.622288 0.685556 -0.067502 0.724883 -0.229762 0.000000 0.000000 0.000000 1.000000
0.727948 0.057693 -0.683201 0.250894 0.004432 0.996037 0.088833 48.623657 0.685618 -0.067694 0.724807 -0.226754 0.000000 0.000000 0.000000 1.000000
0.727768 0.057710 -0.683391 0.245288 0.004525 0.996028 0.088930 48.623341 0.685809 -0.067813 0.724616 -0.225973 0.000000 0.000000 0.000000 1.000000
0.727605 0.057650 -0.683569 0.239867 0.004635 0.996027 0.088935 48.621452 0.685980 -0.067878 0.724447 -0.227218 0.000000 0.000000 0.000000 1.000000
0.727582 0.057522 -0.683605 0.233645 0.004732 0.996034 0.088847 48.618397 0.686004 -0.067878 0.724425 -0.230433 0.000000 0.000000 0.000000 1.000000
0.727731 0.057324 -0.683463 0.225743 0.004801 0.996051 0.088653 48.614964 0.685846 -0.067797 0.724582 -0.235359 0.000000 0.000000 0.000000 1.000000
0.727977 0.057052 -0.683223 0.216093 0.004862 0.996077 0.088357 48.611736 0.685584 -0.067644 0.724844 -0.241527 0.000000 0.000000 0.000000 1.000000
0.728198 0.056722 -0.683016 0.205522 0.004957 0.996107 0.088008 48.608448 0.685349 -0.067473 0.725082 -0.248766 0.000000 0.000000 0.000000 1.000000
0.728316 0.056393 -0.682917 0.195264 0.005101 0.996134 0.087698 48.604103 0.685222 -0.067356 0.725213 -0.257586 0.000000 0.000000 0.000000 1.000000
0.728364 0.056148 -0.682886 0.186196 0.005242 0.996151 0.087496 48.597900 0.685171 -0.067309 0.725266 -0.268664 0.000000 0.000000 0.000000 1.000000
0.728445 0.056003 -0.682811 0.178575 0.005298 0.996163 0.087356 48.589954 0.685084 -0.067252 0.725353 -0.282423 0.000000 0.000000 0.000000 1.000000
0.728641 0.055866 -0.682614 0.172138 0.005256 0.996182 0.087140 48.581108 0.684876 -0.067081 0.725566 -0.298898 0.000000 0.000000 0.000000 1.000000
0.728938 0.055638 -0.682315 0.166427 0.005176 0.996215 0.086764 48.572289 0.684560 -0.066777 0.725891 -0.317806 0.000000 0.000000 0.000000 1.000000
0.729239 0.055322 -0.682020 0.161278 0.005121 0.996257 0.086287 48.564068 0.684240 -0.066417 0.726226 -0.338730 0.000000 0.000000 0.000000 1.000000
0.729450 0.054994 -0.681820 0.156782 0.005091 0.996299 0.085806 48.556412 0.684015 -0.066062 0.726471 -0.361351 0.000000 0.000000 0.000000 1.000000
0.729560 0.054677 -0.681728 0.153037 0.005043 0.996342 0.085307 48.548870 0.683899 -0.065675 0.726615 -0.385541 0.000000 0.000000 0.000000 1.000000
0.729637 0.054309 -0.681674 0.150135 0.004959 0.996395 0.084691 48.541065 0.683816 -0.065174 0.726738 -0.411173 0.000000 0.000000 0.000000 1.000000
0.729761 0.053841 -0.681579 0.148026 0.004868 0.996460 0.083927 48.533058 0.683685 -0.064565 0.726915 -0.437840 0.000000 0.000000 0.000000 1.000000
0.729937 0.053290 -0.681434 0.146186 0.004814 0.996531 0.083088 48.525253 0.683497 -0.063930 0.727148 -0.464985 0.000000 0.000000 0.000000 1.000000
0.730113 0.052698 -0.681292 0.143909 0.004802 0.996602 0.082233 48.517876 0.683310 -0.063311 0.727378 -0.492088 0.000000 0.000000 0.000000 1.000000
0.730229 0.052092 -0.681214 0.140850 0.004790 0.996674 0.081350 48.510490 0.683186 -0.062667 0.727551 -0.518545 0.000000 0.000000 0.000000 1.000000
0.730269 0.051505 -0.681216 0.137242 0.004745 0.996748 0.080448 48.502163 0.683144 -0.061981 0.727649 -0.543406 0.000000 0.000000 0.000000 1.000000
0.730246 0.050989 -0.681279 0.133269 0.004688 0.996814 0.079628 48.492290 0.683168 -0.061342 0.727680 -0.565630 0.000000 0.000000 0.000000 1.000000
0.730170 0.050569 -0.681392 0.128650 0.004678 0.996864 0.078994 48.481075 0.683249 -0.060867 0.727644 -0.584704 0.000000 0.000000 0.000000 1.000000
0.730043 0.050210 -0.681554 0.122818 0.004741 0.996901 0.078519 48.469425 0.683385 -0.060553 0.727543 -0.600737 0.000000 0.000000 0.000000 1.000000
0.729892 0.049843 -0.681743 0.115522 0.004844 0.996936 0.078073 48.458454 0.683545 -0.060287 0.727414 -0.613937 0.000000 0.000000 0.000000 1.000000
0.729783 0.049430 -0.681889 0.106791 0.004945 0.996975 0.077563 48.449017 0.683661 -0.059976 0.727331 -0.624431 0.000000 0.000000 0.000000 1.000000
0.729785 0.048979 -0.681920 0.096634 0.005036 0.997018 0.077000 48.441315 0.683658 -0.059628 0.727363 -0.632573 0.000000 0.000000 0.000000 1.000000
0.729888 0.048520 -0.681842 0.085211 0.005125 0.997061 0.076437 48.434784 0.683547 -0.059285 0.727495 -0.639081 0.000000 0.000000 0.000000 1.000000
0.729987 0.048092 -0.681767 0.073158 0.005208 0.997101 0.075912 48.428474 0.683441 -0.058965 0.727620 -0.644591 0.000000 0.000000 0.000000 1.000000
0.729947 0.047741 -0.681834 0.060987 0.005272 0.997135 0.075461 48.421963 0.683483 -0.058677 0.727604 -0.649216 0.000000 0.000000 0.000000 1.000000
0.729708 0.047488 -0.682108 0.048357 0.005332 0.997160 0.075125 48.415752 0.683738 -0.058456 0.727382 -0.652586 0.000000 0.000000 0.000000 1.000000
0.729301 0.047304 -0.682556 0.034235 0.005414 0.997177 0.074894 48.410954 0.684172 -0.058315 0.726986 -0.654173 0.000000 0.000000 0.000000 1.000000
0.728823 0.047155 -0.683076 0.017709 0.005495 0.997191 0.074703 48.408047 0.684680 -0.058199 0.726516 -0.653456 0.000000 0.000000 0.000000 1.000000
0.728385 0.047069 -0.683550 -0.000943 0.005510 0.997203 0.074538 48.406097 0.685146 -0.058059 0.726088 -0.650060 0.000000 0.000000 0.000000 1.000000
0.728058 0.047124 -0.683894 -0.020206 0.005432 0.997207 0.074495 48.403431 0.685494 -0.057952 0.725769 -0.643899 0.000000 0.000000 0.000000 1.000000
0.727869 0.047349 -0.684080 -0.038343 0.005327 0.997193 0.074689 48.399326 0.685696 -0.058008 0.725573 -0.635082 0.000000 0.000000 0.000000 1.000000
0.727829 0.047666 -0.684100 -0.054617 0.005301 0.997160 0.075119 48.395092 0.685738 -0.058300 0.725510 -0.623838 0.000000 0.000000 0.000000 1.000000
0.727966 0.047956 -0.683935 -0.069782 0.005404 0.997119 0.075667 48.393562 0.685592 -0.058779 0.725609 -0.610558 0.000000 0.000000 0.000000 1.000000
0.728269 0.048135 -0.683599 -0.084794 0.005602 0.997079 0.076176 48.397095 0.685268 -0.059306 0.725872 -0.595886 0.000000 0.000000 0.000000 1.000000
0.728654 0.048194 -0.683185 -0.099333 0.005809 0.997050 0.076531 48.405849 0.684858 -0.059733 0.726224 -0.580508 0.000000 0.000000 0.000000 1.000000
0.728980 0.048210 -0.682835 -0.111729 0.005929 0.997035 0.076723 48.417233 0.684509 -0.059979 0.726533 -0.564989 0.000000 0.000000 0.000000 1.000000
0.729103 0.048314 -0.682696 -0.120458 0.005940 0.997021 0.076902 48.427616 0.684378 -0.060125 0.726644 -0.549632 0.000000 0.000000 0.000000 1.000000
0.728977 0.048610 -0.682810 -0.125629 0.005925 0.996990 0.077303 48.434620 0.684512 -0.060398 0.726495 -0.534178 0.000000 0.000000 0.000000 1.000000
0.728763 0.049093 -0.683004 -0.129244 0.005995 0.996931 0.078054 48.438606 0.684739 -0.060978 0.726232 -0.517442 0.000000 0.000000 0.000000 1.000000
0.728760 0.049643 -0.682967 -0.134088 0.006172 0.996852 0.079045 48.442577 0.684741 -0.061820 0.726159 -0.497688 0.000000 0.000000 0.000000 1.000000
0.729112 0.050109 -0.682557 -0.141673 0.006402 0.996773 0.080015 48.450356 0.684364 -0.062710 0.726439 -0.473988 0.000000 0.000000 0.000000 1.000000
0.729639 0.050416 -0.681971 -0.151284 0.006636 0.996710 0.080783 48.463932 0.683800 -0.063468 0.726904 -0.447182 0.000000 0.000000 0.000000 1.000000
0.730022 0.050627 -0.681545 -0.160731 0.006849 0.996660 0.081370 48.481926 0.683389 -0.064070 0.727238 -0.419084 0.000000 0.000000 0.000000 1.000000
0.730118 0.050869 -0.681425 -0.167957 0.007014 0.996615 0.081914 48.500469 0.683285 -0.064586 0.727290 -0.391041 0.000000 0.000000 0.000000 1.000000
0.730013 0.051208 -0.681512 -0.172119 0.007126 0.996564 0.082514 48.516190 0.683396 -0.065093 0.727140 -0.363486 0.000000 0.000000 0.000000 1.000000
0.729890 0.051617 -0.681613 -0.173725 0.007206 0.996508 0.083180 48.528221 0.683527 -0.065624 0.726970 -0.336617 0.000000 0.000000 0.000000 1.000000
0.729894 0.052037 -0.681576 -0.174131 0.007266 0.996451 0.083858 48.537842 0.683521 -0.066160 0.726926 -0.310935 0.000000 0.000000 0.000000 1.000000
0.730043 0.052407 -0.681389 -0.174305 0.007302 0.996400 0.084459 48.546780 0.683362 -0.066635 0.727032 -0.286784 0.000000 0.000000 0.000000 1.000000
0.730176 0.052661 -0.681227 -0.173950 0.007338 0.996364 0.084887 48.556141 0.683220 -0.066981 0.727134 -0.264040 0.000000 0.000000 0.000000 1.000000
0.730073 0.052769 -0.681329 -0.172008 0.007407 0.996344 0.085105 48.566132 0.683329 -0.067179 0.727013 -0.242372 0.000000 0.000000 0.000000 1.000000
0.729682 0.052797 -0.681746 -0.168008 0.007496 0.996337 0.085183 48.576271 0.683746 -0.067267 0.726613 -0.221821 0.000000 0.000000 0.000000 1.000000
0.729176 0.052863 -0.682281 -0.162761 0.007537 0.996331 0.085250 48.585842 0.684284 -0.067305 0.726103 -0.202972 0.000000 0.000000 0.000000 1.000000
0.728793 0.053019 -0.682679 -0.157521 0.007490 0.996321 0.085374 48.594128 0.684693 -0.067333 0.725714 -0.186635 0.000000 0.000000 0.000000 1.000000
0.728645 0.053216 -0.682821 -0.152707 0.007381 0.996309 0.085523 48.600399 0.684852 -0.067356 0.725562 -0.173401 0.000000 0.000000 0.000000 1.000000
0.728676 0.053376 -0.682776 -0.147761 0.007268 0.996299 0.085642 48.604031 0.684820 -0.067368 0.725591 -0.163311 0.000000 0.000000 0.000000 1.000000
0.728736 0.053471 -0.682704 -0.141875 0.007202 0.996293 0.085720 48.605042 0.684757 -0.067384 0.725650 -0.156243 0.000000 0.000000 0.000000 1.000000
0.728745 0.053523 -0.682691 -0.134715 0.007191 0.996288 0.085786 48.604191 0.684748 -0.067425 0.725654 -0.152296 0.000000 0.000000 0.000000 1.000000
0.728797 0.053560 -0.682631 -0.126445 0.007205 0.996281 0.085861 48.602146 0.684691 -0.067493 0.725701 -0.151993 0.000000 0.000000 0.000000 1.000000
0.729047 0.053584 -0.682363 -0.117245 0.007192 0.996276 0.085919 48.599098 0.684426 -0.067546 0.725947 -0.155879 0.000000 0.000000 0.000000 1.000000
0.729464 0.053560 -0.681919 -0.107130 0.007139 0.996279 0.085887 48.595657 0.683982 -0.067520 0.726367 -0.163997 0.000000 0.000000 0.000000 1.000000
0.729792 0.053454 -0.681577 -0.096099 0.007071 0.996295 0.085708 48.593262 0.683633 -0.067369 0.726710 -0.175750 0.000000 0.000000 0.000000 1.000000
0.729784 0.053281 -0.681598 -0.084174 0.007015 0.996323 0.085394 48.593143 0.683642 -0.067101 0.726727 -0.190461 0.000000 0.000000 0.000000 1.000000
0.729427 0.053092 -0.681995 -0.071426 0.006966 0.996355 0.085014 48.594902 0.684023 -0.066762 0.726399 -0.207931 0.000000 0.000000 0.000000 1.000000
0.728933 0.052926 -0.682536 -0.058133 0.006898 0.996389 0.084630 48.596466 0.684550 -0.066398 0.725935 -0.228095 0.000000 0.000000 0.000000 1.000000
0.728580 0.052786 -0.682924 -0.044995 0.006798 0.996420 0.084270 48.595421 0.684927 -0.066040 0.725612 -0.250307 0.000000 0.000000 0.000000 1.000000
0.728521 0.052636 -0.682999 -0.032602 0.006698 0.996449 0.083937 48.590565 0.684991 -0.065725 0.725581 -0.273431 0.000000 0.000000 0.000000 1.000000
0.728718 0.052428 -0.682804 -0.020930 0.006662 0.996475 0.083623 48.582302 0.684782 -0.065486 0.725800 -0.296845 0.000000 0.000000 0.000000 1.000000
0.729038 0.052162 -0.682483 -0.009574 0.006705 0.996500 0.083325 48.571838 0.684440 -0.065323 0.726137 -0.320725 0.000000 0.000000 0.000000 1.000000
0.729370 0.051917 -0.682147 0.001440 0.006760 0.996521 0.083071 48.560234 0.684086 -0.065201 0.726481 -0.344921 0.000000 0.000000 0.000000 1.000000
0.729597 0.051769 -0.681915 0.011505 0.006762 0.996536 0.082889 48.548512 0.683844 -0.065087 0.726720 -0.368222 0.000000 0.000000 0.000000 1.000000
0.729563 0.051691 -0.681957 0.019848 0.006734 0.996548 0.082740 48.538048 0.683880 -0.064956 0.726697 -0.389483 0.000000 0.000000 0.000000 1.000000
0.729214 0.051573 -0.682339 0.025812 0.006738 0.996566 0.082524 48.530277 0.684252 -0.064775 0.726363 -0.409152 0.000000 0.000000 0.000000 1.000000
0.728735 0.051353 -0.682868 0.028777 0.006767 0.996596 0.082168 48.525383 0.684763 -0.064500 0.725906 -0.428896 0.000000 0.000000 0.000000 1.000000
0.728425 0.051091 -0.683218 0.028394 0.006714 0.996636 0.081686 48.521297 0.685093 -0.064089 0.725631 -0.449606 0.000000 0.000000 0.000000 1.000000
0.728460 0.050916 -0.683193 0.025455 0.006458 0.996680 0.081165 48.514561 0.685058 -0.063538 0.725713 -0.470518 0.000000 0.000000 0.000000 1.000000
0.728788 0.050917 -0.682844 0.022338 0.005989 0.996719 0.080713 48.503086 0.684713 -0.062912 0.726092 -0.490549 0.000000 0.000000 0.000000 1.000000
0.729242 0.051050 -0.682349 0.022018 0.005447 0.996748 0.080393 48.488014 0.684234 -0.062342 0.726593 -0.509850 0.000000 0.000000 0.000000 1.000000
0.729703 0.051165 -0.681848 0.025805 0.005023 0.996768 0.080172 48.473011 0.683746 -0.061926 0.727087 -0.529332 0.000000 0.000000 0.000000 1.000000
0.730156 0.051133 -0.681364 0.032482 0.004787 0.996789 0.079933 48.461521 0.683263 -0.061625 0.727567 -0.549121 0.000000 0.000000 0.000000 1.000000
0.730599 0.050918 -0.680906 0.040077 0.004646 0.996822 0.079527 48.454792 0.682791 -0.061266 0.728040 -0.568144 0.000000 0.000000 0.000000 1.000000
0.730919 0.050569 -0.680588 0.048030 0.004464 0.996875 0.078864 48.451324 0.682450 -0.060681 0.728409 -0.585182 0.000000 0.000000 0.000000 1.000000
0.730944 0.050184 -0.680590 0.057466 0.004185 0.996944 0.078006 48.447815 0.682425 -0.059866 0.728500 -0.599731 0.000000 0.000000 0.000000 1.000000
0.730609 0.049878 -0.680972 0.068976 0.003872 0.997010 0.077181 48.441433 0.682786 -0.059026 0.728231 -0.611861 0.000000 0.000000 0.000000 1.000000
0.730076 0.049732 -0.681554 0.081178 0.003628 0.997052 0.076641 48.431793 0.683356 -0.058426 0.727743 -0.621660 0.000000 0.000000 0.000000 1.000000
0.729644 0.049769 -0.682014 0.091318 0.003481 0.997065 0.076483 48.421242 0.683818 -0.058179 0.727329 -0.628913 0.000000 0.000000 0.000000 1.000000
0.729504 0.049951 -0.682150 0.097357 0.003361 0.997056 0.076605 48.412926 0.683968 -0.058176 0.727189 -0.633271 0.000000 0.000000 0.000000 1.000000
0.729564 0.050180 -0.682070 0.099818 0.003212 0.997042 0.076788 48.408325 0.683905 -0.058213 0.727245 -0.634495 0.000000 0.000000 0.000000 1.000000
0.729528 0.050323 -0.682098 0.101004 0.003070 0.997039 0.076842 48.406914 0.683944 -0.058152 0.727213 -0.632460 0.000000 0.000000 0.000000 1.000000
0.729156 0.050304 -0.682496 0.102698 0.003008 0.997050 0.076702 48.406994 0.684340 -0.057980 0.726854 -0.627039 0.000000 0.000000 0.000000 1.000000
0.728442 0.050167 -0.683268 0.104958 0.003033 0.997070 0.076440 48.408012 0.685101 -0.057755 0.726155 -0.617957 0.000000 0.000000 0.000000 1.000000
0.727599 0.050000 -0.684178 0.106701 0.003105 0.997090 0.076170 48.410248 0.685996 -0.057546 0.725326 -0.604923 0.000000 0.000000 0.000000 1.000000
0.726932 0.049846 -0.684898 0.106870 0.003207 0.997105 0.075971 48.413643 0.686702 -0.057422 0.724668 -0.588071 0.000000 0.000000 0.000000 1.000000
0.726662 0.049710 -0.685194 0.105162 0.003362 0.997109 0.075904 48.417553 0.686987 -0.057460 0.724394 -0.568151 0.000000 0.000000 0.000000 1.000000
0.726759 0.049621 -0.685098 0.102190 0.003596 0.997099 0.076034 48.421757 0.686883 -0.057723 0.724472 -0.545904 0.000000 0.000000 0.000000 1.000000
