<?xml version="1.0" encoding="utf-8"?>
<COLLADA xmlns="http://www.collada.org/2005/11/COLLADASchema" version="1.4.1">
  <asset><contributor><author>Mixamo</author><authoring_tool>COLLADA Mixamo exporter</authoring_tool><comments></comments></contributor><created>2020-03-12T17:55:53Z</created><modified>2020-03-12T17:55:53Z</modified><revision></revision><title></title><unit meter="0.304800"/><up_axis>Y_UP</up_axis></asset>
  <library_animations>
    <animation id="mixamorig_Hips-anim" name="mixamorig_Hips"><source id="mixamorig_Hips-Matrix-animation-input"><float_array id="mixamorig_Hips-Matrix-animation-input-array" count="72">

0.000000 0.033333 0.066667 0.100000 0.133333 0.166667 0.200000 0.233333 0.266667 0.300000 0.333333 0.366667 0.400000 0.433333 0.466667 0.500000
0.533333 0.566667 0.600000 0.633333 0.666667 0.700000 0.733333 0.766667 0.800000 0.833333 0.866667 0.900000 0.933333 0.966667 1.000000 1.033333
1.066667 1.100000 1.133333 1.166667 1.200000 1.233333 1.266667 1.300000 1.333333 1.366667 1.400000 1.433333 1.466667 1.500000 1.533333 1.566667
1.600000 1.633333 1.666667 1.700000 1.733333 1.766667 1.800000 1.833333 1.866667 1.900000 1.933333 1.966667 2.000000 2.033333 2.066667 2.100000
2.133333 2.166667 2.200000 2.233333 2.266667 2.300000 2.333333 2.366667</float_array><technique_common><accessor source="#mixamorig_Hips-Matrix-animation-input-array" count="72"><param name="TIME" type="float"/></accessor></technique_common></source><source id="mixamorig_Hips-Matrix-animation-output-transform"><float_array id="mixamorig_Hips-Matrix-animation-output-transform-array" count="1152">

0.997909 0.002757 -0.064578 0.007363 -0.007055 0.997767 -0.066419 51.174297 0.064251 0.066736 0.995700 0.032298 0.000000 0.000000 0.000000 1.000000
0.997882 0.002839 -0.064991 0.007138 -0.007177 0.997753 -0.066614 51.173698 0.064656 0.066940 0.995660 0.034790 0.000000 0.000000 0.000000 1.000000
0.997866 0.002796 -0.065238 0.008071 -0.007169 0.997734 -0.066900 51.173611 0.064903 0.067225 0.995625 0.034045 0.000000 0.000000 0.000000 1.000000
0.997831 0.002729 -0.065766 0.008623 -0.007113 0.997760 -0.066517 51.172623 0.065437 0.066840 0.995616 0.046095 0.000000 0.000000 0.000000 1.000000
0.997796 0.002629 -0.066309 0.011495 -0.007014 0.997796 -0.065978 51.172722 0.065990 0.066298 0.995615 0.057007 0.000000 0.000000 0.000000 1.000000
0.997812 0.002781 -0.066062 0.010883 -0.007150 0.997794 -0.065993 51.173389 0.065733 0.066321 0.995631 0.061865 0.000000 0.000000 0.000000 1.000000
0.997839 0.002802 -0.065649 0.009540 -0.007130 0.997809 -0.065777 51.172161 0.065321 0.066103 0.995672 0.067682 0.000000 0.000000 0.000000 1.000000
0.997854 0.003038 -0.065411 0.009410 -0.007345 0.997812 -0.065708 51.174591 0.065068 0.066047 0.995693 0.072786 0.000000 0.000000 0.000000 1.000000
0.997854 0.003220 -0.065397 0.008928 -0.007531 0.997805 -0.065787 51.175652 0.065041 0.066138 0.995688 0.077521 0.000000 0.000000 0.000000 1.000000
0.997869 0.003313 -0.065159 0.005446 -0.007663 0.997748 -0.066627 51.174923 0.064791 0.066985 0.995648 0.075483 0.000000 0.000000 0.000000 1.000000
0.997842 0.003250 -0.065585 0.003454 -0.007623 0.997754 -0.066544 51.175247 0.065222 0.066901 0.995626 0.083919 0.000000 0.000000 0.000000 1.000000
0.997838 0.003326 -0.065632 0.002472 -0.007710 0.997747 -0.066651 51.175163 0.065263 0.067013 0.995615 0.084357 0.000000 0.000000 0.000000 1.000000
0.997812 0.003263 -0.066038 0.002921 -0.007642 0.997779 -0.066176 51.175861 0.065676 0.066536 0.995620 0.093159 0.000000 0.000000 0.000000 1.000000
0.997835 0.003383 -0.065673 -0.001165 -0.007771 0.997744 -0.066678 51.175713 0.065299 0.067044 0.995611 0.092073 0.000000 0.000000 0.000000 1.000000
0.997835 0.003421 -0.065681 -0.001665 -0.007776 0.997778 -0.066173 51.176037 0.065308 0.066541 0.995644 0.098357 0.000000 0.000000 0.000000 1.000000
0.997828 0.003440 -0.065784 -0.002025 -0.007768 0.997813 -0.065649 51.176826 0.065414 0.066017 0.995672 0.101571 0.000000 0.000000 0.000000 1.000000
0.997848 0.003549 -0.065473 -0.004545 -0.007880 0.997787 -0.066015 51.176586 0.065094 0.066389 0.995668 0.097447 0.000000 0.000000 0.000000 1.000000
0.997822 0.003540 -0.065865 -0.004445 -0.007866 0.997819 -0.065533 51.176918 0.065490 0.065908 0.995674 0.101002 0.000000 0.000000 0.000000 1.000000
0.997794 0.003445 -0.066303 -0.004480 -0.007762 0.997857 -0.064967 51.176350 0.065937 0.065338 0.995682 0.102430 0.000000 0.000000 0.000000 1.000000
0.997780 0.003545 -0.066501 -0.005996 -0.007868 0.997864 -0.064852 51.176426 0.066129 0.065231 0.995677 0.099466 0.000000 0.000000 0.000000 1.000000
0.997756 0.003622 -0.066851 -0.004864 -0.007942 0.997889 -0.064457 51.177803 0.066477 0.064843 0.995679 0.096267 0.000000 0.000000 0.000000 1.000000
0.997745 0.003749 -0.067008 -0.005841 -0.008071 0.997895 -0.064345 51.178398 0.066626 0.064740 0.995676 0.086530 0.000000 0.000000 0.000000 1.000000
0.997726 0.003835 -0.067285 -0.006393 -0.008144 0.997924 -0.063886 51.178226 0.066900 0.064289 0.995686 0.082088 0.000000 0.000000 0.000000 1.000000
0.997736 0.003944 -0.067141 -0.007906 -0.008260 0.997908 -0.064128 51.178101 0.066748 0.064537 0.995681 0.068770 0.000000 0.000000 0.000000 1.000000
0.997720 0.004062 -0.067364 -0.007630 -0.008375 0.997924 -0.063863 51.178207 0.066965 0.064282 0.995682 0.062454 0.000000 0.000000 0.000000 1.000000
0.997702 0.004188 -0.067629 -0.006526 -0.008488 0.997951 -0.063420 51.178242 0.067224 0.063848 0.995693 0.051416 0.000000 0.000000 0.000000 1.000000
0.997678 0.004130 -0.067986 -0.004753 -0.008436 0.997967 -0.063174 51.178947 0.067587 0.063601 0.995684 0.040001 0.000000 0.000000 0.000000 1.000000
0.997693 0.004398 -0.067744 -0.008309 -0.008727 0.997928 -0.063740 51.179329 0.067323 0.064184 0.995665 0.020001 0.000000 0.000000 0.000000 1.000000
0.997664 0.004427 -0.068171 -0.008641 -0.008767 0.997943 -0.063507 51.180511 0.067750 0.063956 0.995650 0.008685 0.000000 0.000000 0.000000 1.000000
0.997639 0.004367 -0.068537 -0.006816 -0.008682 0.997989 -0.062785 51.181038 0.068125 0.063231 0.995671 -0.004710 0.000000 0.000000 0.000000 1.000000
0.997668 0.004583 -0.068099 -0.011427 -0.008919 0.997941 -0.063518 51.181847 0.067668 0.063977 0.995655 -0.031005 0.000000 0.000000 0.000000 1.000000
0.997648 0.004582 -0.068397 -0.011695 -0.008917 0.997960 -0.063211 51.183266 0.067968 0.063672 0.995654 -0.046312 0.000000 0.000000 0.000000 1.000000
0.997625 0.004526 -0.068735 -0.012550 -0.008830 0.998010 -0.062439 51.182957 0.068316 0.062898 0.995679 -0.061169 0.000000 0.000000 0.000000 1.000000
0.997637 0.004618 -0.068547 -0.015120 -0.008915 0.998004 -0.062512 51.184380 0.068121 0.062976 0.995687 -0.081490 0.000000 0.000000 0.000000 1.000000
0.997653 0.004703 -0.068317 -0.018812 -0.009001 0.997989 -0.062744 51.185230 0.067884 0.063212 0.995689 -0.100912 0.000000 0.000000 0.000000 1.000000
0.997677 0.004800 -0.067953 -0.024336 -0.009104 0.997961 -0.063167 51.185478 0.067511 0.063639 0.995687 -0.122473 0.000000 0.000000 0.000000 1.000000
0.997690 0.004792 -0.067760 -0.024802 -0.009075 0.997970 -0.063044 51.185928 0.067320 0.063513 0.995708 -0.136931 0.000000 0.000000 0.000000 1.000000
0.997721 0.004478 -0.067329 -0.026912 -0.008737 0.997969 -0.063099 51.184288 0.066910 0.063544 0.995734 -0.151642 0.000000 0.000000 0.000000 1.000000
0.997750 0.004226 -0.066916 -0.029556 -0.008443 0.997986 -0.062865 51.183788 0.066516 0.063289 0.995776 -0.163401 0.000000 0.000000 0.000000 1.000000
0.997771 0.003838 -0.066615 -0.029862 -0.008023 0.998003 -0.062659 51.183502 0.066242 0.063054 0.995809 -0.170977 0.000000 0.000000 0.000000 1.000000
0.997799 0.003661 -0.066203 -0.031061 -0.007809 0.998014 -0.062500 51.183701 0.065842 0.062880 0.995847 -0.174925 0.000000 0.000000 0.000000 1.000000
0.997848 0.003514 -0.065479 -0.035259 -0.007633 0.998000 -0.062758 51.183342 0.065127 0.063123 0.995878 -0.182724 0.000000 0.000000 0.000000 1.000000
0.997890 0.003442 -0.064842 -0.037495 -0.007539 0.997982 -0.063047 51.182526 0.064494 0.063403 0.995902 -0.188933 0.000000 0.000000 0.000000 1.000000
0.997899 0.003106 -0.064716 -0.035700 -0.007146 0.998032 -0.062293 51.181904 0.064395 0.062625 0.995958 -0.184222 0.000000 0.000000 0.000000 1.000000
0.997951 0.002936 -0.063920 -0.041354 -0.006971 0.997990 -0.062992 51.180489 0.063607 0.063308 0.995965 -0.187325 0.000000 0.000000 0.000000 1.000000
0.997977 0.002742 -0.063512 -0.043972 -0.006749 0.997993 -0.062956 51.179447 0.063212 0.063257 0.995993 -0.183278 0.000000 0.000000 0.000000 1.000000
0.997991 0.002567 -0.063311 -0.044495 -0.006528 0.998027 -0.062443 51.177761 0.063025 0.062730 0.996039 -0.173046 0.000000 0.000000 0.000000 1.000000
0.998015 0.002448 -0.062937 -0.046530 -0.006395 0.998018 -0.062599 51.177387 0.062659 0.062878 0.996052 -0.167276 0.000000 0.000000 0.000000 1.000000
0.998030 0.002425 -0.062696 -0.049463 -0.006348 0.998027 -0.062459 51.176243 0.062421 0.062734 0.996076 -0.157404 0.000000 0.000000 0.000000 1.000000
0.998025 0.002413 -0.062764 -0.052214 -0.006346 0.998022 -0.062550 51.175613 0.062489 0.062825 0.996066 -0.146647 0.000000 0.000000 0.000000 1.000000
0.998006 0.002288 -0.063080 -0.049302 -0.006236 0.998028 -0.062459 51.174885 0.062812 0.062728 0.996052 -0.129873 0.000000 0.000000 0.000000 1.000000
0.997998 0.002305 -0.063200 -0.046816 -0.006284 0.998005 -0.062823 51.174328 0.062929 0.063094 0.996022 -0.110930 0.000000 0.000000 0.000000 1.000000
0.997987 0.002231 -0.063375 -0.041988 -0.006236 0.997990 -0.063068 51.173897 0.063107 0.063336 0.995995 -0.086422 0.000000 0.000000 0.000000 1.000000
0.997971 0.002132 -0.063628 -0.036934 -0.006169 0.997974 -0.063324 51.172817 0.063364 0.063588 0.995963 -0.059910 0.000000 0.000000 0.000000 1.000000
0.997961 0.002107 -0.063797 -0.029181 -0.006165 0.997965 -0.063469 51.172417 0.063533 0.063733 0.995943 -0.030677 0.000000 0.000000 0.000000 1.000000
0.997963 0.002178 -0.063757 -0.019988 -0.006257 0.997940 -0.063852 51.172157 0.063486 0.064120 0.995921 -0.006883 0.000000 0.000000 0.000000 1.000000
0.997966 0.002153 -0.063709 -0.014191 -0.006242 0.997926 -0.064063 51.171909 0.063439 0.064330 0.995910 0.015119 0.000000 0.000000 0.000000 1.000000
0.997970 0.002099 -0.063656 -0.009616 -0.006194 0.997917 -0.064208 51.171722 0.063389 0.064472 0.995904 0.035155 0.000000 0.000000 0.000000 1.000000
0.997974 0.002062 -0.063595 -0.005185 -0.006162 0.997909 -0.064337 51.170986 0.063329 0.064599 0.995900 0.051478 0.000000 0.000000 0.000000 1.000000
0.997978 0.002100 -0.063518 0.000348 -0.006205 0.997899 -0.064496 51.171181 0.063249 0.064760 0.995894 0.059742 0.000000 0.000000 0.000000 1.000000
0.997968 0.001941 -0.063685 0.006285 -0.005985 0.997972 -0.063373 51.170223 0.063433 0.063625 0.995956 0.065124 0.000000 0.000000 0.000000 1.000000
0.997973 0.001996 -0.063607 0.006466 -0.006059 0.997947 -0.063758 51.170586 0.063349 0.064014 0.995936 0.066185 0.000000 0.000000 0.000000 1.000000
0.997975 0.001890 -0.063582 0.008309 -0.005947 0.997953 -0.063670 51.169735 0.063332 0.063920 0.995943 0.066086 0.000000 0.000000 0.000000 1.000000
0.998001 0.002041 -0.063160 0.005324 -0.006115 0.997906 -0.064387 51.170700 0.062897 0.064644 0.995924 0.061304 0.000000 0.000000 0.000000 1.000000
0.997978 0.002028 -0.063531 0.011644 -0.006102 0.997931 -0.064005 51.172787 0.063270 0.064264 0.995925 0.061871 0.000000 0.000000 0.000000 1.000000
0.997957 0.002002 -0.063856 0.013297 -0.006102 0.997926 -0.064079 51.172577 0.063595 0.064338 0.995900 0.059611 0.000000 0.000000 0.000000 1.000000
0.997952 0.002053 -0.063928 0.011309 -0.006199 0.997884 -0.064730 51.172714 0.063660 0.064994 0.995853 0.051687 0.000000 0.000000 0.000000 1.000000
0.997935 0.002223 -0.064192 0.008973 -0.006405 0.997863 -0.065019 51.172459 0.063910 0.065296 0.995817 0.048448 0.000000 0.000000 0.000000 1.000000
0.997909 0.002332 -0.064600 0.011459 -0.006539 0.997865 -0.064978 51.173538 0.064310 0.065265 0.995793 0.045370 0.000000 0.000000 0.000000 1.000000
0.997902 0.002372 -0.064704 0.010753 -0.006599 0.997851 -0.065194 51.174911 0.064410 0.065484 0.995773 0.041634 0.000000 0.000000 0.000000 1.000000
0.997912 0.002648 -0.064540 0.005685 -0.006917 0.997794 -0.066020 51.174419 0.064223 0.066329 0.995729 0.034624 0.000000 0.000000 0.000000 1.000000
0.997909 0.002757 -0.064578 0.007360 -0.007055 0.997767 -0.066419 51.174297 0.064251 0.066736 0.995700 0.032298 0.000000 0.000000 0.000000 1.000000</float_array><technique_common><accessor source="#mixamorig_Hips-Matrix-animation-output-transform-array" count="72" stride="16"><param type="float4x4"/></accessor></technique_common></source><source id="mixamorig_Hips-Interpolations"><Name_array id="mixamorig_Hips-Interpolations-array" count="72">
 LINEAR LINEAR LINEAR LINEAR LINEAR LINEAR LINEAR LINEAR LINEAR LINEAR LINEAR
LINEAR LINEAR LINEAR LINEAR LINEAR LINEAR LINEAR LINEAR LINEAR LINEAR LINEAR LINEAR
LINEAR LINEAR LINEAR LINEAR LINEAR LINEAR LINEAR LINEAR LINEAR LINEAR LINEAR LINEAR
LINEAR LINEAR LINEAR LINEAR LINEAR LINEAR LINEAR LINEAR LINEAR LINEAR LINEAR LINEAR
LINEAR LINEAR LINEAR LINEAR LINEAR LINEAR LINEAR LINEAR LINEAR LINEAR LINEAR LINEAR
LINEAR LINEAR LINEAR LINEAR LINEAR LINEAR LINEAR LINEAR LINEAR LINEAR LINEAR LINEAR
LINEAR</Name_array><technique_common><accessor source="#mixamorig_Hips-Interpolations-array" count="72"><param type="name"/></accessor></technique_common></source><sampler id="mixamorig_Hips-Matrix-animation-transform"><input semantic="INPUT" source="#mixamorig_Hips-Matrix-animation-input"/><input semantic="OUTPUT" source="#mixamorig_Hips-Matrix-animation-output-transform"/><input semantic="INTERPOLATION" source="#mixamorig_Hips-Interpolations"/></sampler><channel source="#mixamorig_Hips-Matrix-animation-transform" target="mixamorig_Hips/matrix"/></animation>
    <animation id="mixamorig_Spine-anim" name="mixamorig_Spine"><source id="mixamorig_Spine-Matrix-animation-input"><float_array id="mixamorig_Spine-Matrix-animation-input-array" count="72">

0.000000 0.033333 0.066667 0.100000 0.133333 0.166667 0.200000 0.233333 0.266667 0.300000 0.333333 0.366667 0.400000 0.433333 0.466667 0.500000
0.533333 0.566667 0.600000 0.633333 0.666667 0.700000 0.733333 0.766667 0.800000 0.833333 0.866667 0.900000 0.933333 0.966667 1.000000 1.033333
1.066667 1.100000 1.133333 1.166667 1.200000 1.233333 1.266667 1.300000 1.333333 1.366667 1.400000 1.433333 1.466667 1.500000 1.533333 1.566667
1.600000 1.633333 1.666667 1.700000 1.733333 1.766667 1.800000 1.833333 1.866667 1.900000 1.933333 1.966667 2.000000 2.033333 2.066667 2.100000
2.133333 2.166667 2.200000 2.233333 2.266667 2.300000 2.333333 2.366667</float_array><technique_common><accessor source="#mixamorig_Spine-Matrix-animation-input-array" count="72"><param name="TIME" type="float"/></accessor></technique_common></source><source id="mixamorig_Spine-Matrix-animation-output-transform"><float_array id="mixamorig_Spine-Matrix-animation-output-transform-array" count="1152">

0.999984 0.000365 0.005591 0.000000 -0.000198 0.999551 -0.029973 5.549500 -0.005599 0.029971 0.999535 0.149900 0.000000 0.000000 0.000000 1.000000
0.999984 0.000367 0.005591 0.000000 -0.000200 0.999551 -0.029954 5.549500 -0.005600 0.029952 0.999536 0.149900 0.000000 0.000000 0.000000 1.000000
0.999984 0.000380 0.005591 0.000000 -0.000213 0.999552 -0.029924 5.549500 -0.005600 0.029922 0.999537 0.149900 0.000000 0.000000 0.000000 1.000000
0.999983 0.000678 0.005718 0.000000 -0.000506 0.999551 -0.029956 5.549500 -0.005735 0.029952 0.999535 0.149900 0.000000 0.000000 0.000000 1.000000
0.999982 0.000674 0.005895 -0.000000 -0.000496 0.999546 -0.030119 5.549500 -0.005913 0.030116 0.999529 0.149900 0.000000 0.000000 0.000000 1.000000
0.999983 0.000737 0.005866 0.000000 -0.000560 0.999545 -0.030164 5.549500 -0.005885 0.030160 0.999528 0.149900 0.000000 0.000000 0.000000 1.000000
0.999983 0.000849 0.005734 0.000000 -0.000676 0.999544 -0.030179 5.549500 -0.005757 0.030175 0.999528 0.149900 0.000000 0.000000 0.000000 1.000000
0.999984 0.000706 0.005679 0.000000 -0.000535 0.999545 -0.030169 5.549500 -0.005697 0.030165 0.999529 0.149900 0.000000 0.000000 0.000000 1.000000
0.999984 0.000724 0.005668 0.000000 -0.000553 0.999546 -0.030139 5.549500 -0.005688 0.030135 0.999530 0.149900 0.000000 0.000000 0.000000 1.000000
0.999983 0.000848 0.005731 0.000000 -0.000676 0.999554 -0.029850 5.549500 -0.005754 0.029846 0.999538 0.149900 0.000000 0.000000 0.000000 1.000000
0.999982 0.000909 0.005862 0.000000 -0.000734 0.999556 -0.029788 5.549500 -0.005886 0.029783 0.999539 0.149900 0.000000 0.000000 0.000000 1.000000
0.999982 0.001025 0.005830 0.000000 -0.000851 0.999557 -0.029762 5.549500 -0.005858 0.029756 0.999540 0.149900 0.000000 0.000000 0.000000 1.000000
0.999982 0.001166 0.005831 0.000000 -0.000992 0.999555 -0.029815 5.549500 -0.005863 0.029809 0.999538 0.149900 0.000000 0.000000 0.000000 1.000000
0.999982 0.001218 0.005855 0.000000 -0.001044 0.999562 -0.029560 5.549500 -0.005888 0.029553 0.999546 0.149900 0.000000 0.000000 0.000000 1.000000
0.999982 0.001168 0.005888 -0.000000 -0.000993 0.999560 -0.029636 5.549500 -0.005920 0.029630 0.999543 0.149900 0.000000 0.000000 0.000000 1.000000
0.999982 0.001109 0.005914 0.000000 -0.000932 0.999557 -0.029733 5.549500 -0.005944 0.029727 0.999540 0.149900 0.000000 0.000000 0.000000 1.000000
0.999982 0.001256 0.005931 0.000000 -0.001079 0.999557 -0.029731 5.549500 -0.005966 0.029724 0.999540 0.149900 0.000000 0.000000 0.000000 1.000000
0.999981 0.001397 0.005968 0.000000 -0.001219 0.999557 -0.029732 5.549500 -0.006006 0.029724 0.999540 0.149900 0.000000 0.000000 0.000000 1.000000
0.999981 0.001442 0.006015 0.000000 -0.001263 0.999557 -0.029736 5.549500 -0.006055 0.029728 0.999540 0.149900 0.000000 0.000000 0.000000 1.000000
0.999981 0.001466 0.006056 0.000000 -0.001286 0.999556 -0.029752 5.549500 -0.006097 0.029744 0.999539 0.149900 0.000000 0.000000 0.000000 1.000000
0.999980 0.001510 0.006077 0.000000 -0.001328 0.999556 -0.029778 5.549500 -0.006119 0.029769 0.999538 0.149900 0.000000 0.000000 0.000000 1.000000
0.999980 0.001558 0.006065 0.000000 -0.001376 0.999555 -0.029807 5.549500 -0.006109 0.029798 0.999537 0.149900 0.000000 0.000000 0.000000 1.000000
0.999981 0.001708 0.006004 0.000000 -0.001528 0.999554 -0.029837 5.549500 -0.006052 0.029827 0.999537 0.149900 0.000000 0.000000 0.000000 1.000000
0.999982 0.001675 0.005790 0.000000 -0.001501 0.999553 -0.029861 5.549500 -0.005838 0.029852 0.999537 0.149900 0.000000 0.000000 0.000000 1.000000
0.999983 0.001819 0.005629 -0.000000 -0.001650 0.999552 -0.029877 5.549500 -0.005681 0.029867 0.999538 0.149900 0.000000 0.000000 0.000000 1.000000
0.999982 0.001930 0.005594 -0.000000 -0.001762 0.999552 -0.029878 5.549500 -0.005649 0.029867 0.999538 0.149900 0.000000 0.000000 0.000000 1.000000
0.999982 0.002095 0.005598 0.000000 -0.001927 0.999552 -0.029861 5.549500 -0.005659 0.029850 0.999538 0.149900 0.000000 0.000000 0.000000 1.000000
0.999982 0.002177 0.005647 0.000000 -0.002008 0.999553 -0.029820 5.549500 -0.005709 0.029808 0.999539 0.149900 0.000000 0.000000 0.000000 1.000000
0.999981 0.002236 0.005788 0.000000 -0.002063 0.999554 -0.029790 5.549500 -0.005852 0.029777 0.999539 0.149900 0.000000 0.000000 0.000000 1.000000
0.999980 0.002282 0.005925 0.000000 -0.002103 0.999543 -0.030142 5.549500 -0.005991 0.030129 0.999528 0.149900 0.000000 0.000000 0.000000 1.000000
0.999980 0.002321 0.005930 0.000000 -0.002142 0.999545 -0.030095 5.549500 -0.005997 0.030082 0.999529 0.149900 0.000000 0.000000 0.000000 1.000000
0.999979 0.002516 0.005975 0.000000 -0.002334 0.999537 -0.030337 5.549500 -0.006048 0.030323 0.999522 0.149900 0.000000 0.000000 0.000000 1.000000
0.999978 0.002625 0.006164 0.000000 -0.002434 0.999524 -0.030769 5.549500 -0.006242 0.030754 0.999508 0.149900 0.000000 0.000000 0.000000 1.000000
0.999977 0.002556 0.006282 0.000000 -0.002360 0.999518 -0.030965 5.549500 -0.006359 0.030950 0.999501 0.149900 0.000000 0.000000 0.000000 1.000000
0.999977 0.002515 0.006296 0.000000 -0.002319 0.999517 -0.031006 5.549500 -0.006371 0.030990 0.999499 0.149900 0.000000 0.000000 0.000000 1.000000
0.999977 0.002405 0.006315 0.000000 -0.002207 0.999513 -0.031118 5.549500 -0.006386 0.031103 0.999496 0.149900 0.000000 0.000000 0.000000 1.000000
0.999978 0.002070 0.006342 0.000000 -0.001870 0.999507 -0.031353 5.549500 -0.006404 0.031340 0.999488 0.149900 0.000000 0.000000 0.000000 1.000000
0.999978 0.001895 0.006363 -0.000000 -0.001694 0.999506 -0.031393 5.549500 -0.006419 0.031381 0.999487 0.149900 0.000000 0.000000 0.000000 1.000000
0.999978 0.001616 0.006384 0.000000 -0.001413 0.999498 -0.031645 5.549500 -0.006432 0.031635 0.999479 0.149900 0.000000 0.000000 0.000000 1.000000
0.999979 0.001353 0.006400 0.000000 -0.001150 0.999498 -0.031658 5.549500 -0.006440 0.031650 0.999478 0.149900 0.000000 0.000000 0.000000 1.000000
0.999979 0.001008 0.006412 -0.000000 -0.000804 0.999498 -0.031684 5.549500 -0.006441 0.031678 0.999477 0.149900 0.000000 0.000000 0.000000 1.000000
0.999979 0.000739 0.006411 0.000000 -0.000536 0.999498 -0.031679 5.549500 -0.006432 0.031675 0.999478 0.149900 0.000000 0.000000 0.000000 1.000000
0.999979 0.000327 0.006403 0.000000 -0.000125 0.999501 -0.031572 5.549500 -0.006410 0.031571 0.999481 0.149900 0.000000 0.000000 0.000000 1.000000
0.999980 -0.000024 0.006362 -0.000000 0.000227 0.999494 -0.031795 5.549500 -0.006358 0.031796 0.999474 0.149900 0.000000 0.000000 0.000000 1.000000
0.999980 -0.000283 0.006318 0.000000 0.000482 0.999504 -0.031502 5.549500 -0.006306 0.031504 0.999484 0.149900 0.000000 0.000000 0.000000 1.000000
0.999980 -0.000588 0.006288 -0.000000 0.000785 0.999505 -0.031459 5.549500 -0.006266 0.031463 0.999485 0.149900 0.000000 0.000000 0.000000 1.000000
0.999980 -0.000838 0.006225 0.000000 0.001034 0.999505 -0.031439 5.549500 -0.006196 0.031444 0.999486 0.149900 0.000000 0.000000 0.000000 1.000000
0.999980 -0.001027 0.006175 0.000000 0.001220 0.999506 -0.031419 5.549500 -0.006140 0.031426 0.999487 0.149900 0.000000 0.000000 0.000000 1.000000
0.999981 -0.001023 0.006144 0.000000 0.001216 0.999507 -0.031388 5.549500 -0.006109 0.031394 0.999488 0.149900 0.000000 0.000000 0.000000 1.000000
0.999981 -0.001068 0.006126 0.000000 0.001259 0.999511 -0.031237 5.549500 -0.006090 0.031244 0.999493 0.149900 0.000000 0.000000 0.000000 1.000000
0.999981 -0.001130 0.006117 0.000000 0.001320 0.999513 -0.031179 5.549500 -0.006079 0.031187 0.999495 0.149900 0.000000 0.000000 0.000000 1.000000
0.999981 -0.001184 0.006112 -0.000000 0.001372 0.999520 -0.030951 5.549500 -0.006072 0.030959 0.999502 0.149900 0.000000 0.000000 0.000000 1.000000
0.999981 -0.001252 0.006108 0.000000 0.001439 0.999527 -0.030709 5.549500 -0.006066 0.030717 0.999510 0.149900 0.000000 0.000000 0.000000 1.000000
0.999981 -0.001269 0.006099 -0.000000 0.001454 0.999533 -0.030533 5.549500 -0.006057 0.030541 0.999515 0.149900 0.000000 0.000000 0.000000 1.000000
0.999981 -0.000961 0.006071 0.000000 0.001146 0.999536 -0.030427 5.549500 -0.006039 0.030433 0.999519 0.149900 0.000000 0.000000 0.000000 1.000000
0.999981 -0.000863 0.006040 0.000000 0.001045 0.999542 -0.030255 5.549500 -0.006011 0.030260 0.999524 0.149900 0.000000 0.000000 0.000000 1.000000
0.999982 -0.000610 0.005995 -0.000000 0.000790 0.999546 -0.030110 5.549500 -0.005974 0.030114 0.999529 0.149900 0.000000 0.000000 0.000000 1.000000
0.999982 -0.000333 0.005964 0.000000 0.000512 0.999551 -0.029968 5.549500 -0.005952 0.029970 0.999533 0.149900 0.000000 0.000000 0.000000 1.000000
0.999982 -0.000175 0.005945 0.000000 0.000352 0.999555 -0.029813 5.549500 -0.005937 0.029814 0.999538 0.149900 0.000000 0.000000 0.000000 1.000000
0.999982 -0.000232 0.005933 0.000000 0.000408 0.999561 -0.029615 5.549500 -0.005924 0.029617 0.999544 0.149900 0.000000 0.000000 0.000000 1.000000
0.999982 -0.000318 0.005914 0.000000 0.000495 0.999553 -0.029895 5.549500 -0.005901 0.029897 0.999536 0.149900 0.000000 0.000000 0.000000 1.000000
0.999983 -0.000297 0.005875 0.000000 0.000471 0.999561 -0.029618 5.549500 -0.005863 0.029621 0.999544 0.149900 0.000000 0.000000 0.000000 1.000000
0.999983 -0.000202 0.005795 -0.000000 0.000373 0.999563 -0.029574 5.549500 -0.005786 0.029576 0.999546 0.149900 0.000000 0.000000 0.000000 1.000000
0.999984 -0.000180 0.005621 0.000000 0.000344 0.999571 -0.029294 5.549500 -0.005613 0.029296 0.999555 0.149900 0.000000 0.000000 0.000000 1.000000
0.999984 -0.000309 0.005626 0.000000 0.000474 0.999566 -0.029472 5.549500 -0.005615 0.029474 0.999550 0.149900 0.000000 0.000000 0.000000 1.000000
0.999984 -0.000206 0.005623 0.000000 0.000372 0.999563 -0.029545 5.549500 -0.005614 0.029546 0.999548 0.149900 0.000000 0.000000 0.000000 1.000000
0.999984 -0.000017 0.005616 0.000000 0.000183 0.999565 -0.029484 5.549500 -0.005613 0.029484 0.999549 0.149900 0.000000 0.000000 0.000000 1.000000
0.999984 0.000150 0.005610 0.000000 0.000016 0.999562 -0.029579 5.549500 -0.005612 0.029578 0.999547 0.149900 0.000000 0.000000 0.000000 1.000000
0.999984 0.000187 0.005609 0.000000 -0.000019 0.999554 -0.029868 5.549500 -0.005612 0.029867 0.999538 0.149900 0.000000 0.000000 0.000000 1.000000
0.999984 0.000249 0.005607 0.000000 -0.000081 0.999551 -0.029954 5.549500 -0.005612 0.029954 0.999536 0.149900 0.000000 0.000000 0.000000 1.000000
0.999984 0.000257 0.005607 0.000000 -0.000089 0.999551 -0.029955 5.549500 -0.005612 0.029954 0.999536 0.149900 0.000000 0.000000 0.000000 1.000000
0.999984 0.000259 0.005607 -0.000000 -0.000091 0.999551 -0.029954 5.549500 -0.005612 0.029953 0.999536 0.149900 0.000000 0.000000 0.000000 1.000000</float_array><technique_common><accessor source="#mixamorig_Spine-Matrix-animation-output-transform-array" count="72" stride="16"><param type="float4x4"/></accessor></technique_common></source><source id="mixamorig_Spine-Interpolations"><Name_array id="mixamorig_Spine-Interpolations-array" count="72">
 LINEAR LINEAR LINEAR LINEAR LINEAR LINEAR LINEAR LINEAR LINEAR LINEAR LINEAR
LINEAR LINEAR LINEAR LINEAR LINEAR LINEAR LINEAR LINEAR LINEAR LINEAR LINEAR LINEAR
LINEAR LINEAR LINEAR LINEAR LINEAR LINEAR LINEAR LINEAR LINEAR LINEAR LINEAR LINEAR
LINEAR LINEAR LINEAR LINEAR LINEAR LINEAR LINEAR LINEAR LINEAR LINEAR LINEAR LINEAR
LINEAR LINEAR LINEAR LINEAR LINEAR LINEAR LINEAR LINEAR LINEAR LINEAR LINEAR LINEAR
LINEAR LINEAR LINEAR LINEAR LINEAR LINEAR LINEAR LINEAR LINEAR LINEAR LINEAR LINEAR
LINEAR</Name_array><technique_common><accessor source="#mixamorig_Spine-Interpolations-array" count="72"><param type="name"/></accessor></technique_common></source><sampler id="mixamorig_Spine-Matrix-animation-transform"><input semantic="INPUT" source="#mixamorig_Spine-Matrix-animation-input"/><input semantic="OUTPUT" source="#mixamorig_Spine-Matrix-animation-output-transform"/><input semantic="INTERPOLATION" source="#mixamorig_Spine-Interpolations"/></sampler><channel source="#mixamorig_Spine-Matrix-animation-transform" target="mixamorig_Spine/matrix"/></animation>
    <animation id="mixamorig_Spine1-anim" name="mixamorig_Spine1"><source id="mixamorig_Spine1-Matrix-animation-input"><float_array id="mixamorig_Spine1-Matrix-animation-input-array" count="72">

0.000000 0.033333 0.066667 0.100000 0.133333 0.166667 0.200000 0.233333 0.266667 0.300000 0.333333 0.366667 0.400000 0.433333 0.466667 0.500000
0.533333 0.566667 0.600000 0.633333 0.666667 0.700000 0.733333 0.766667 0.800000 0.833333 0.866667 0.900000 0.933333 0.966667 1.000000 1.033333
1.066667 1.100000 1.133333 1.166667 1.200000 1.233333 1.266667 1.300000 1.333333 1.366667 1.400000 1.433333 1.466667 1.500000 1.533333 1.566667
1.600000 1.633333 1.666667 1.700000 1.733333 1.766667 1.800000 1.833333 1.866667 1.900000 1.933333 1.966667 2.000000 2.033333 2.066667 2.100000
2.133333 2.166667 2.200000 2.233333 2.266667 2.300000 2.333333 2.366667</float_array><technique_common><accessor source="#mixamorig_Spine1-Matrix-animation-input-array" count="72"><param name="TIME" type="float"/></accessor></technique_common></source><source id="mixamorig_Spine1-Matrix-animation-output-transform"><float_array id="mixamorig_Spine1-Matrix-animation-output-transform-array" count="1152">

0.999950 0.002883 0.009623 0.000000 -0.002797 0.999956 -0.008926 6.476700 -0.009648 0.008898 0.999914 0.000000 0.000000 0.000000 0.000000 1.000000
0.999947 0.002923 0.009891 0.000000 -0.002832 0.999954 -0.009127 6.476700 -0.009917 0.009098 0.999909 0.000000 0.000000 0.000000 0.000000 1.000000
0.999945 0.003156 0.010012 0.000000 -0.003065 0.999954 -0.009073 6.476700 -0.010040 0.009042 0.999909 0.000000 0.000000 0.000000 0.000000 1.000000
0.999942 0.003390 0.010205 -0.000000 -0.003296 0.999953 -0.009144 6.476700 -0.010236 0.009110 0.999906 0.000000 0.000000 0.000000 0.000000 1.000000
0.999938 0.003612 0.010495 0.000000 -0.003513 0.999949 -0.009447 6.476700 -0.010529 0.009410 0.999900 -0.000000 0.000000 0.000000 0.000000 1.000000
0.999939 0.003678 0.010389 0.000000 -0.003579 0.999948 -0.009524 6.476700 -0.010424 0.009486 0.999901 0.000000 0.000000 0.000000 0.000000 1.000000
0.999943 0.003668 0.010076 -0.000000 -0.003571 0.999948 -0.009561 6.476700 -0.010111 0.009525 0.999904 0.000000 0.000000 0.000000 0.000000 1.000000
0.999941 0.003724 0.010156 0.000000 -0.003627 0.999948 -0.009568 6.476700 -0.010191 0.009531 0.999903 0.000000 0.000000 0.000000 0.000000 1.000000
0.999939 0.003868 0.010324 0.000000 -0.003770 0.999947 -0.009536 6.476700 -0.010361 0.009497 0.999901 0.000000 0.000000 0.000000 0.000000 1.000000
0.999940 0.003926 0.010179 0.000000 -0.003834 0.999952 -0.009042 6.476700 -0.010214 0.009003 0.999907 0.000000 0.000000 0.000000 0.000000 1.000000
0.999937 0.004213 0.010436 0.000000 -0.004120 0.999951 -0.008962 6.476700 -0.010473 0.008918 0.999905 0.000000 0.000000 0.000000 0.000000 1.000000
0.999934 0.004295 0.010642 0.000000 -0.004200 0.999951 -0.008917 6.476700 -0.010679 0.008872 0.999904 0.000000 0.000000 0.000000 0.000000 1.000000
0.999932 0.004415 0.010830 0.000000 -0.004317 0.999950 -0.009019 6.476700 -0.010869 0.008971 0.999901 0.000000 0.000000 0.000000 0.000000 1.000000
0.999934 0.004464 0.010574 0.000000 -0.004373 0.999954 -0.008584 6.476700 -0.010612 0.008537 0.999907 0.000000 0.000000 0.000000 0.000000 1.000000
0.999934 0.004521 0.010608 0.000000 -0.004429 0.999952 -0.008719 6.476700 -0.010647 0.008671 0.999906 0.000000 0.000000 0.000000 0.000000 1.000000
0.999932 0.004572 0.010723 -0.000000 -0.004476 0.999950 -0.008910 6.476700 -0.010763 0.008862 0.999903 -0.000000 0.000000 0.000000 0.000000 1.000000
0.999934 0.004603 0.010523 0.000000 -0.004513 0.999953 -0.008598 6.476700 -0.010562 0.008550 0.999908 0.000000 0.000000 0.000000 0.000000 1.000000
0.999934 0.004745 0.010472 0.000000 -0.004655 0.999952 -0.008639 6.476700 -0.010513 0.008589 0.999908 0.000000 0.000000 0.000000 0.000000 1.000000
0.999931 0.004902 0.010662 0.000000 -0.004808 0.999950 -0.008802 6.476700 -0.010705 0.008750 0.999904 0.000000 0.000000 0.000000 0.000000 1.000000
0.999931 0.005002 0.010640 0.000000 -0.004910 0.999950 -0.008731 6.476700 -0.010684 0.008678 0.999905 0.000000 0.000000 0.000000 0.000000 1.000000
0.999930 0.005060 0.010659 -0.000000 -0.004967 0.999949 -0.008748 6.476700 -0.010702 0.008694 0.999905 -0.000000 0.000000 0.000000 0.000000 1.000000
0.999930 0.005096 0.010666 0.000000 -0.005003 0.999949 -0.008733 6.476700 -0.010710 0.008679 0.999905 0.000000 0.000000 0.000000 0.000000 1.000000
0.999931 0.005114 0.010606 -0.000000 -0.005019 0.999947 -0.008968 6.476700 -0.010651 0.008914 0.999904 0.000000 0.000000 0.000000 0.000000 1.000000
0.999935 0.005096 0.010230 0.000000 -0.005006 0.999949 -0.008762 6.476700 -0.010274 0.008710 0.999909 0.000000 0.000000 0.000000 0.000000 1.000000
0.999934 0.005134 0.010279 -0.000000 -0.005044 0.999949 -0.008770 6.476700 -0.010324 0.008717 0.999909 0.000000 0.000000 0.000000 0.000000 1.000000
0.999933 0.005177 0.010339 -0.000000 -0.005083 0.999946 -0.009064 6.476700 -0.010385 0.009011 0.999905 -0.000000 0.000000 0.000000 0.000000 1.000000
0.999933 0.005211 0.010327 -0.000000 -0.005116 0.999945 -0.009139 6.476700 -0.010374 0.009086 0.999905 -0.000000 0.000000 0.000000 0.000000 1.000000
0.999933 0.005238 0.010279 0.000000 -0.005147 0.999948 -0.008834 6.476700 -0.010325 0.008780 0.999908 -0.000000 0.000000 0.000000 0.000000 1.000000
0.999934 0.005264 0.010258 0.000000 -0.005173 0.999947 -0.008907 6.476700 -0.010304 0.008853 0.999908 0.000000 0.000000 0.000000 0.000000 1.000000
0.999930 0.005319 0.010535 -0.000000 -0.005219 0.999941 -0.009479 6.476700 -0.010584 0.009424 0.999900 0.000000 0.000000 0.000000 0.000000 1.000000
0.999931 0.005320 0.010439 -0.000000 -0.005222 0.999942 -0.009374 6.476700 -0.010488 0.009319 0.999902 -0.000000 0.000000 0.000000 0.000000 1.000000
0.999929 0.005341 0.010608 0.000000 -0.005237 0.999939 -0.009765 6.476700 -0.010660 0.009709 0.999896 0.000000 0.000000 0.000000 0.000000 1.000000
0.999926 0.005370 0.010959 0.000000 -0.005255 0.999931 -0.010485 6.476700 -0.011015 0.010427 0.999885 0.000000 0.000000 0.000000 0.000000 1.000000
0.999923 0.005367 0.011182 0.000000 -0.005246 0.999928 -0.010815 6.476700 -0.011240 0.010756 0.999879 -0.000000 0.000000 0.000000 0.000000 1.000000
0.999923 0.005318 0.011185 0.000000 -0.005195 0.999926 -0.010961 6.476700 -0.011242 0.010902 0.999877 0.000000 0.000000 0.000000 0.000000 1.000000
0.999924 0.005248 0.011189 0.000000 -0.005125 0.999926 -0.011034 6.476700 -0.011246 0.010976 0.999877 0.000000 0.000000 0.000000 0.000000 1.000000
0.999923 0.005015 0.011338 0.000000 -0.004885 0.999923 -0.011420 6.476700 -0.011394 0.011363 0.999871 0.000000 0.000000 0.000000 0.000000 1.000000
0.999923 0.004803 0.011439 0.000000 -0.004671 0.999922 -0.011597 6.476700 -0.011494 0.011542 0.999867 0.000000 0.000000 0.000000 0.000000 1.000000
0.999923 0.004656 0.011466 0.000000 -0.004520 0.999920 -0.011845 6.476700 -0.011521 0.011792 0.999864 0.000000 0.000000 0.000000 0.000000 1.000000
0.999926 0.004546 0.011313 -0.000000 -0.004410 0.999918 -0.012042 6.476700 -0.011367 0.011992 0.999863 -0.000000 0.000000 0.000000 0.000000 1.000000
0.999926 0.004227 0.011443 -0.000000 -0.004091 0.999921 -0.011895 6.476700 -0.011493 0.011848 0.999864 0.000000 0.000000 0.000000 0.000000 1.000000
0.999929 0.003883 0.011287 0.000000 -0.003750 0.999923 -0.011802 6.476700 -0.011331 0.011759 0.999867 -0.000000 0.000000 0.000000 0.000000 1.000000
0.999932 0.003466 0.011094 0.000000 -0.003337 0.999926 -0.011658 6.476700 -0.011134 0.011620 0.999870 0.000000 0.000000 0.000000 0.000000 1.000000
0.999932 0.003214 0.011247 0.000000 -0.003079 0.999923 -0.012024 6.476700 -0.011284 0.011988 0.999864 -0.000000 0.000000 0.000000 0.000000 1.000000
0.999935 0.002901 0.010989 0.000000 -0.002774 0.999930 -0.011518 6.476700 -0.011022 0.011487 0.999873 0.000000 0.000000 0.000000 0.000000 1.000000
0.999939 0.002683 0.010758 0.000000 -0.002560 0.999931 -0.011476 6.476700 -0.010788 0.011448 0.999876 0.000000 0.000000 0.000000 0.000000 1.000000
0.999938 0.002425 0.010846 -0.000000 -0.002301 0.999932 -0.011420 6.476700 -0.010873 0.011395 0.999876 0.000000 0.000000 0.000000 0.000000 1.000000
0.999941 0.002223 0.010676 -0.000000 -0.002103 0.999935 -0.011197 6.476700 -0.010700 0.011174 0.999880 0.000000 0.000000 0.000000 0.000000 1.000000
0.999942 0.001996 0.010627 0.000000 -0.001877 0.999936 -0.011184 6.476700 -0.010649 0.011164 0.999881 0.000000 0.000000 0.000000 0.000000 1.000000
0.999944 0.001920 0.010367 0.000000 -0.001806 0.999938 -0.010977 6.476700 -0.010387 0.010958 0.999886 -0.000000 0.000000 0.000000 0.000000 1.000000
0.999943 0.001792 0.010546 0.000000 -0.001677 0.999939 -0.010881 6.476700 -0.010564 0.010862 0.999885 -0.000000 0.000000 0.000000 0.000000 1.000000
0.999943 0.001669 0.010553 -0.000000 -0.001558 0.999944 -0.010481 6.476700 -0.010570 0.010464 0.999889 0.000000 0.000000 0.000000 0.000000 1.000000
0.999944 0.001644 0.010471 0.000000 -0.001539 0.999948 -0.010066 6.476700 -0.010487 0.010049 0.999895 -0.000000 0.000000 0.000000 0.000000 1.000000
0.999943 0.001675 0.010513 0.000000 -0.001572 0.999951 -0.009798 6.476700 -0.010529 0.009781 0.999897 0.000000 0.000000 0.000000 0.000000 1.000000
0.999943 0.001714 0.010508 0.000000 -0.001613 0.999952 -0.009634 6.476700 -0.010524 0.009617 0.999898 0.000000 0.000000 0.000000 0.000000 1.000000
0.999944 0.001797 0.010457 -0.000000 -0.001699 0.999955 -0.009356 6.476700 -0.010473 0.009338 0.999902 0.000000 0.000000 0.000000 0.000000 1.000000
0.999944 0.001912 0.010393 -0.000000 -0.001817 0.999957 -0.009127 6.476700 -0.010410 0.009108 0.999904 -0.000000 0.000000 0.000000 0.000000 1.000000
0.999944 0.002020 0.010357 0.000000 -0.001927 0.999958 -0.008907 6.476700 -0.010375 0.008887 0.999907 0.000000 0.000000 0.000000 0.000000 1.000000
0.999944 0.002111 0.010339 0.000000 -0.002021 0.999960 -0.008664 6.476700 -0.010357 0.008642 0.999909 0.000000 0.000000 0.000000 0.000000 1.000000
0.999944 0.002166 0.010323 -0.000000 -0.002080 0.999963 -0.008349 6.476700 -0.010341 0.008327 0.999912 0.000000 0.000000 0.000000 0.000000 1.000000
0.999945 0.002204 0.010289 -0.000000 -0.002113 0.999959 -0.008816 6.476700 -0.010308 0.008794 0.999908 0.000000 0.000000 0.000000 0.000000 1.000000
0.999945 0.002244 0.010218 0.000000 -0.002158 0.999963 -0.008379 6.476700 -0.010236 0.008356 0.999913 0.000000 0.000000 0.000000 0.000000 1.000000
0.999947 0.002293 0.010038 0.000000 -0.002209 0.999963 -0.008307 6.476700 -0.010057 0.008284 0.999915 0.000000 0.000000 0.000000 0.000000 1.000000
0.999950 0.002327 0.009695 -0.000000 -0.002251 0.999967 -0.007840 6.476700 -0.009713 0.007817 0.999922 0.000000 0.000000 0.000000 0.000000 1.000000
0.999950 0.002421 0.009655 0.000000 -0.002343 0.999964 -0.008133 6.476700 -0.009674 0.008110 0.999920 0.000000 0.000000 0.000000 0.000000 1.000000
0.999950 0.002529 0.009716 0.000000 -0.002449 0.999963 -0.008248 6.476700 -0.009736 0.008224 0.999919 0.000000 0.000000 0.000000 0.000000 1.000000
0.999948 0.002633 0.009817 -0.000000 -0.002553 0.999964 -0.008126 6.476700 -0.009838 0.008100 0.999919 0.000000 0.000000 0.000000 0.000000 1.000000
0.999947 0.002688 0.009915 0.000000 -0.002606 0.999962 -0.008285 6.476700 -0.009937 0.008258 0.999917 0.000000 0.000000 0.000000 0.000000 1.000000
0.999947 0.002792 0.009938 0.000000 -0.002705 0.999958 -0.008763 6.476700 -0.009962 0.008735 0.999912 0.000000 0.000000 0.000000 0.000000 1.000000
0.999948 0.002801 0.009856 0.000000 -0.002713 0.999957 -0.008906 6.476700 -0.009880 0.008879 0.999912 0.000000 0.000000 0.000000 0.000000 1.000000
0.999950 0.002774 0.009637 -0.000000 -0.002688 0.999957 -0.008906 6.476700 -0.009661 0.008879 0.999914 0.000000 0.000000 0.000000 0.000000 1.000000
0.999950 0.002773 0.009633 0.000000 -0.002688 0.999957 -0.008906 6.476700 -0.009657 0.008880 0.999914 0.000000 0.000000 0.000000 0.000000 1.000000</float_array><technique_common><accessor source="#mixamorig_Spine1-Matrix-animation-output-transform-array" count="72" stride="16"><param type="float4x4"/></accessor></technique_common></source><source id="mixamorig_Spine1-Interpolations"><Name_array id="mixamorig_Spine1-Interpolations-array" count="72">
 LINEAR LINEAR LINEAR LINEAR LINEAR LINEAR LINEAR LINEAR LINEAR LINEAR LINEAR
LINEAR LINEAR LINEAR LINEAR LINEAR LINEAR LINEAR LINEAR LINEAR LINEAR LINEAR LINEAR
LINEAR LINEAR LINEAR LINEAR LINEAR LINEAR LINEAR LINEAR LINEAR LINEAR LINEAR LINEAR
LINEAR LINEAR LINEAR LINEAR LINEAR LINEAR LINEAR LINEAR LINEAR LINEAR LINEAR LINEAR
LINEAR LINEAR LINEAR LINEAR LINEAR LINEAR LINEAR LINEAR LINEAR LINEAR LINEAR LINEAR
LINEAR LINEAR LINEAR LINEAR LINEAR LINEAR LINEAR LINEAR LINEAR LINEAR LINEAR LINEAR
