<?xml version="1.0" encoding="utf-8"?>
<COLLADA xmlns="http://www.collada.org/2005/11/COLLADASchema" version="1.4.1">
  <asset><contributor><author>Mixamo</author><authoring_tool>COLLADA Mixamo exporter</authoring_tool><comments></comments></contributor><created>2020-03-12T19:40:33Z</created><modified>2020-03-12T19:40:33Z</modified><revision></revision><title></title><unit meter="0.304800"/><up_axis>Y_UP</up_axis></asset>
  <library_animations>
    <animation id="mixamorig_Hips-anim" name="mixamorig_Hips"><source id="mixamorig_Hips-Matrix-animation-input"><float_array id="mixamorig_Hips-Matrix-animation-input-array" count="22">

0.000000 0.033333 0.066667 0.100000 0.133333 0.166667 0.200000 0.233333 0.266667 0.300000 0.333333 0.366667 0.400000 0.433333 0.466667 0.500000
0.533333 0.566667 0.600000 0.633333 0.666667 0.700000</float_array><technique_common><accessor source="#mixamorig_Hips-Matrix-animation-input-array" count="22"><param name="TIME" type="float"/></accessor></technique_common></source><source id="mixamorig_Hips-Matrix-animation-output-transform"><float_array id="mixamorig_Hips-Matrix-animation-output-transform-array" count="352">

0.997783 0.044246 0.049711 0.080960 -0.039389 0.994722 -0.094750 48.439606 -0.053641 0.092582 0.994259 0.328166 0.000000 0.000000 0.000000 1.000000
0.998912 0.021197 0.041539 0.267034 -0.017200 0.995391 -0.094340 49.380272 -0.043347 0.093523 0.994673 8.890540 0.000000 0.000000 0.000000 1.000000
0.998346 0.004122 0.057343 0.374373 0.000966 0.996083 -0.088419 50.561657 -0.057483 0.088328 0.994431 17.363134 0.000000 0.000000 0.000000 1.000000
0.995472 -0.017899 0.093351 0.448141 0.026273 0.995662 -0.089255 51.276329 -0.091349 0.091304 0.991624 26.192049 0.000000 0.000000 0.000000 1.000000
0.994934 -0.011980 0.099815 0.497014 0.021357 0.995398 -0.093412 51.364517 -0.098236 0.095071 0.990612 35.181835 0.000000 0.000000 0.000000 1.000000
0.997706 -0.003041 0.067629 0.653040 0.007825 0.997475 -0.070583 51.222477 -0.067244 0.070950 0.995211 43.477627 0.000000 0.000000 0.000000 1.000000
0.997013 -0.001444 0.077222 0.719372 0.005304 0.998745 -0.049806 50.901627 -0.077053 0.050067 0.995769 51.773014 0.000000 0.000000 0.000000 1.000000
0.993700 -0.002666 0.112044 0.695520 0.007297 0.999135 -0.040936 50.210686 -0.111838 0.041495 0.992860 59.501038 0.000000 0.000000 0.000000 1.000000
0.993264 -0.007351 0.115644 0.541526 0.011774 0.999223 -0.037613 48.883121 -0.115278 0.038721 0.992578 66.682846 0.000000 0.000000 0.000000 1.000000
0.994775 -0.008037 0.101778 0.418911 0.013736 0.998369 -0.055419 47.655945 -0.101166 0.056527 0.993262 73.676262 0.000000 0.000000 0.000000 1.000000
0.995484 -0.001956 0.094912 0.191869 0.008115 0.997882 -0.064549 47.474979 -0.094585 0.065028 0.993391 80.816147 0.000000 0.000000 0.000000 1.000000
0.994874 0.033929 0.095263 0.168651 -0.027143 0.997061 -0.071643 48.314610 -0.097414 0.068690 0.992871 88.630997 0.000000 0.000000 0.000000 1.000000
0.996206 0.064633 0.058279 0.176981 -0.059231 0.994172 -0.090081 49.610680 -0.063761 0.086287 0.994228 96.993790 0.000000 0.000000 0.000000 1.000000
0.996490 0.083699 -0.001650 0.141511 -0.083257 0.988778 -0.124038 50.629581 -0.008750 0.123740 0.992276 105.355721 0.000000 0.000000 0.000000 1.000000
0.997080 0.075111 -0.013759 0.192602 -0.076330 0.985479 -0.151675 51.068546 0.002166 0.152283 0.988335 113.402451 0.000000 0.000000 0.000000 1.000000
0.998194 0.059112 -0.010733 0.210497 -0.060014 0.989367 -0.132483 50.833027 0.002787 0.132888 0.991127 121.797325 0.000000 0.000000 0.000000 1.000000
0.998691 0.049434 -0.013148 0.175358 -0.050599 0.992410 -0.112079 50.293446 0.007508 0.112598 0.993612 130.186554 0.000000 0.000000 0.000000 1.000000
0.998921 0.046420 -0.001398 0.132130 -0.046291 0.992822 -0.110283 49.469406 -0.003732 0.110229 0.993899 137.942810 0.000000 0.000000 0.000000 1.000000
0.999041 0.039380 0.019124 0.043612 -0.037087 0.993433 -0.108235 48.671314 -0.023261 0.107422 0.993941 145.723190 0.000000 0.000000 0.000000 1.000000
0.997321 0.058678 0.043677 -0.079561 -0.053527 0.992380 -0.110977 47.768631 -0.049856 0.108342 0.992863 152.979523 0.000000 0.000000 0.000000 1.000000
0.994654 0.078086 0.067570 -0.146802 -0.071096 0.992414 -0.100300 47.540600 -0.074890 0.094960 0.992660 160.505203 0.000000 0.000000 0.000000 1.000000
0.997783 0.044246 0.049711 0.080962 -0.039389 0.994721 -0.094750 48.439606 -0.053641 0.092582 0.994259 168.565155 0.000000 0.000000 0.000000 1.000000</float_array><technique_common><accessor source="#mixamorig_Hips-Matrix-animation-output-transform-array" count="22" stride="16"><param type="float4x4"/></accessor></technique_common></source><source id="mixamorig_Hips-Interpolations"><Name_array id="mixamorig_Hips-Interpolations-array" count="22">
 LINEAR LINEAR LINEAR LINEAR LINEAR LINEAR LINEAR LINEAR LINEAR LINEAR LINEAR
LINEAR LINEAR LINEAR LINEAR LINEAR LINEAR LINEAR LINEAR LINEAR LINEAR LINEAR</Name_array><technique_common><accessor source="#mixamorig_Hips-Interpolations-array" count="22"><param type="name"/></accessor></technique_common></source><sampler id="mixamorig_Hips-Matrix-animation-transform"><input semantic="INPUT" source="#mixamorig_Hips-Matrix-animation-input"/><input semantic="OUTPUT" source="#mixamorig_Hips-Matrix-animation-output-transform"/><input semantic="INTERPOLATION" source="#mixamorig_Hips-Interpolations"/></sampler><channel source="#mixamorig_Hips-Matrix-animation-transform" target="mixamorig_Hips/matrix"/></animation>
    <animation id="mixamorig_Spine-anim" name="mixamorig_Spine"><source id="mixamorig_Spine-Matrix-animation-input"><float_array id="mixamorig_Spine-Matrix-animation-input-array" count="22">

0.000000 0.033333 0.066667 0.100000 0.133333 0.166667 0.200000 0.233333 0.266667 0.300000 0.333333 0.366667 0.400000 0.433333 0.466667 0.500000
0.533333 0.566667 0.600000 0.633333 0.666667 0.700000</float_array><technique_common><accessor source="#mixamorig_Spine-Matrix-animation-input-array" count="22"><param name="TIME" type="float"/></accessor></technique_common></source><source id="mixamorig_Spine-Matrix-animation-output-transform"><float_array id="mixamorig_Spine-Matrix-animation-output-transform-array" count="352">

0.999591 -0.015163 0.024231 0.000000 0.017807 0.993444 -0.112921 5.549500 -0.022360 0.113307 0.993308 0.149900 0.000000 0.000000 0.000000 1.000000
0.999086 -0.002920 0.042636 0.000000 0.007431 0.994333 -0.106050 5.549500 -0.042085 0.106270 0.993446 0.149900 0.000000 0.000000 0.000000 1.000000
0.998133 0.009385 0.060355 -0.000000 -0.003412 0.995148 -0.098326 5.549500 -0.060985 0.097937 0.993322 0.149900 0.000000 0.000000 0.000000 1.000000
0.997058 0.023524 0.072950 0.000000 -0.017072 0.995988 -0.087838 5.549500 -0.074724 0.086334 0.993460 0.149900 0.000000 0.000000 0.000000 1.000000
0.996489 0.024460 0.080069 0.000000 -0.018249 0.996832 -0.077413 5.549500 -0.081708 0.075680 0.993779 0.149900 0.000000 0.000000 0.000000 1.000000
0.996322 0.024062 0.082246 -0.000000 -0.017538 0.996709 -0.079143 5.549500 -0.083880 0.077410 0.993465 0.149900 0.000000 0.000000 0.000000 1.000000
0.996925 0.022135 0.075166 -0.000000 -0.015674 0.996216 -0.085491 5.549500 -0.076774 0.084050 0.993500 0.149900 0.000000 0.000000 0.000000 1.000000
0.997656 0.021124 0.065092 0.000000 -0.014904 0.995404 -0.094602 5.549500 -0.066791 0.093410 0.993385 0.149900 0.000000 0.000000 0.000000 1.000000
0.998349 0.023510 0.052416 -0.000000 -0.017818 0.994151 -0.106518 5.549500 -0.054613 0.105408 0.992928 0.149900 0.000000 0.000000 0.000000 1.000000
0.999282 0.024467 0.028935 0.000000 -0.021004 0.993206 -0.114457 5.549500 -0.031539 0.113767 0.993007 0.149900 0.000000 0.000000 0.000000 1.000000
0.999828 0.018395 -0.002181 -0.000000 -0.018523 0.992503 -0.120811 5.549500 -0.000058 0.120831 0.992673 0.149900 0.000000 0.000000 0.000000 1.000000
0.999567 -0.000184 -0.029408 0.000000 -0.003409 0.992515 -0.122077 5.549500 0.029210 0.122125 0.992085 0.149900 0.000000 0.000000 0.000000 1.000000
0.998675 -0.019856 -0.047469 0.000000 0.014313 0.993334 -0.114381 5.549500 0.049424 0.113550 0.992302 0.149900 0.000000 0.000000 0.000000 1.000000
0.997443 -0.033155 -0.063309 -0.000000 0.026414 0.994175 -0.104490 5.549500 0.066405 0.102551 0.992509 0.149900 0.000000 0.000000 0.000000 1.000000
0.996521 -0.038830 -0.073745 0.000000 0.031437 0.994601 -0.098894 5.549500 0.077186 0.096232 0.992362 0.149900 0.000000 0.000000 0.000000 1.000000
0.996417 -0.038314 -0.075395 0.000000 0.030294 0.994034 -0.104782 5.549500 0.078959 0.102123 0.991633 0.149900 0.000000 0.000000 0.000000 1.000000
0.997049 -0.036809 -0.067373 0.000000 0.029343 0.993649 -0.108630 5.549500 0.070944 0.106333 0.991797 0.149900 0.000000 0.000000 0.000000 1.000000
0.997467 -0.036061 -0.061308 0.000000 0.029136 0.993469 -0.110320 5.549500 0.064886 0.108254 0.992003 0.149900 0.000000 0.000000 0.000000 1.000000
0.998192 -0.034252 -0.049386 -0.000000 0.028476 0.993159 -0.113243 5.549500 0.052927 0.111632 0.992339 0.149900 0.000000 0.000000 0.000000 1.000000
0.999015 -0.034677 -0.027692 0.000000 0.031182 0.992526 -0.117985 5.549500 0.031576 0.117006 0.992629 0.149900 0.000000 0.000000 0.000000 1.000000
0.999383 -0.034458 -0.006832 0.000000 0.033399 0.992309 -0.119192 5.549500 0.010886 0.118890 0.992848 0.149900 0.000000 0.000000 0.000000 1.000000
0.999591 -0.015163 0.024231 -0.000000 0.017807 0.993444 -0.112921 5.549500 -0.022360 0.113307 0.993308 0.149900 0.000000 0.000000 0.000000 1.000000</float_array><technique_common><accessor source="#mixamorig_Spine-Matrix-animation-output-transform-array" count="22" stride="16"><param type="float4x4"/></accessor></technique_common></source><source id="mixamorig_Spine-Interpolations"><Name_array id="mixamorig_Spine-Interpolations-array" count="22">
 LINEAR LINEAR LINEAR LINEAR LINEAR LINEAR LINEAR LINEAR LINEAR LINEAR LINEAR
LINEAR LINEAR LINEAR LINEAR LINEAR LINEAR LINEAR LINEAR LINEAR LINEAR LINEAR</Name_array><technique_common><accessor source="#mixamorig_Spine-Interpolations-array" count="22"><param type="name"/></accessor></technique_common></source><sampler id="mixamorig_Spine-Matrix-animation-transform"><input semantic="INPUT" source="#mixamorig_Spine-Matrix-animation-input"/><input semantic="OUTPUT" source="#mixamorig_Spine-Matrix-animation-output-transform"/><input semantic="INTERPOLATION" source="#mixamorig_Spine-Interpolations"/></sampler><channel source="#mixamorig_Spine-Matrix-animation-transform" target="mixamorig_Spine/matrix"/></animation>
    <animation id="mixamorig_Spine1-anim" name="mixamorig_Spine1"><source id="mixamorig_Spine1-Matrix-animation-input"><float_array id="mixamorig_Spine1-Matrix-animation-input-array" count="22">

0.000000 0.033333 0.066667 0.100000 0.133333 0.166667 0.200000 0.233333 0.266667 0.300000 0.333333 0.366667 0.400000 0.433333 0.466667 0.500000
0.533333 0.566667 0.600000 0.633333 0.666667 0.700000</float_array><technique_common><accessor source="#mixamorig_Spine1-Matrix-animation-input-array" count="22"><param name="TIME" type="float"/></accessor></technique_common></source><source id="mixamorig_Spine1-Matrix-animation-output-transform"><float_array id="mixamorig_Spine1-Matrix-animation-output-transform-array" count="352">

0.998355 -0.028686 0.049647 0.000000 0.036794 0.984584 -0.171001 6.476700 -0.043976 0.172547 0.984019 0.000000 0.000000 0.000000 0.000000 1.000000
0.995990 -0.011025 0.088788 -0.000000 0.024922 0.987288 -0.156978 6.476700 -0.085929 0.158561 0.983603 -0.000000 0.000000 0.000000 0.000000 1.000000
0.992362 0.006685 0.123176 -0.000000 0.010872 0.989905 -0.141318 6.476700 -0.122878 0.141578 0.982271 0.000000 0.000000 0.000000 0.000000 1.000000
0.989283 0.026515 0.143581 0.000000 -0.009130 0.992683 -0.120408 6.476700 -0.145723 0.117807 0.982286 -0.000000 0.000000 0.000000 0.000000 1.000000
0.986450 0.039877 0.159141 0.000000 -0.023918 0.994602 -0.100971 6.476700 -0.162309 0.095797 0.982079 0.000000 0.000000 0.000000 0.000000 1.000000
0.985806 0.041342 0.162716 0.000000 -0.024428 0.994214 -0.104607 6.476700 -0.166099 0.099148 0.981112 0.000000 0.000000 0.000000 0.000000 1.000000
0.987959 0.041236 0.149118 -0.000000 -0.023711 0.992796 -0.117449 6.476700 -0.152887 0.112499 0.981820 0.000000 0.000000 0.000000 0.000000 1.000000
0.990749 0.041072 0.129340 -0.000000 -0.023357 0.990487 -0.135609 6.476700 -0.133679 0.131334 0.982284 0.000000 0.000000 0.000000 0.000000 1.000000
0.993339 0.046295 0.105523 0.000000 -0.029061 0.986792 -0.159362 6.476700 -0.111507 0.155234 0.981564 -0.000000 0.000000 0.000000 0.000000 1.000000
0.997490 0.041579 0.057305 0.000000 -0.030983 0.984126 -0.174744 6.476700 -0.063661 0.172530 0.982945 -0.000000 0.000000 0.000000 0.000000 1.000000
0.999645 0.026003 -0.005730 0.000000 -0.026616 0.981974 -0.187133 6.476700 0.000761 0.187219 0.982318 0.000000 0.000000 0.000000 0.000000 1.000000
0.998241 -0.005257 -0.059054 0.000000 -0.006046 0.981844 -0.189596 6.476700 0.058978 0.189619 0.980085 0.000000 0.000000 0.000000 0.000000 1.000000
0.994546 -0.041356 -0.095754 -0.000000 0.024096 0.984301 -0.174848 6.476700 0.101482 0.171587 0.979928 0.000000 0.000000 0.000000 0.000000 1.000000
0.989479 -0.066063 -0.128710 -0.000000 0.045595 0.986714 -0.155936 6.476700 0.137301 0.148427 0.979346 0.000000 0.000000 0.000000 0.000000 1.000000
0.985021 -0.082238 -0.151561 0.000000 0.059985 0.987471 -0.145958 6.476700 0.161666 0.134680 0.977612 0.000000 0.000000 0.000000 0.000000 1.000000
0.983948 -0.084479 -0.157193 0.000000 0.059396 0.985663 -0.157929 6.476700 0.168281 0.146057 0.974858 0.000000 0.000000 0.000000 0.000000 1.000000
0.986555 -0.081967 -0.141388 0.000000 0.058110 0.984530 -0.165298 6.476700 0.152749 0.154860 0.976056 0.000000 0.000000 0.000000 0.000000 1.000000
0.988146 -0.082230 -0.129634 0.000000 0.059750 0.983865 -0.168640 6.476700 0.141409 0.158895 0.977116 -0.000000 0.000000 0.000000 0.000000 1.000000
0.991318 -0.077839 -0.105970 0.000000 0.058590 0.983008 -0.173960 6.476700 0.117710 0.166241 0.979034 0.000000 0.000000 0.000000 0.000000 1.000000
0.995337 -0.075213 -0.060388 0.000000 0.063066 0.981170 -0.182561 6.476700 0.072982 0.177901 0.981338 0.000000 0.000000 0.000000 0.000000 1.000000
0.997375 -0.070958 -0.014405 0.000000 0.067105 0.980606 -0.184141 6.476700 0.027192 0.182691 0.982794 0.000000 0.000000 0.000000 0.000000 1.000000
0.998355 -0.028686 0.049647 0.000000 0.036794 0.984583 -0.171002 6.476700 -0.043976 0.172547 0.984019 0.000000 0.000000 0.000000 0.000000 1.000000</float_array><technique_common><accessor source="#mixamorig_Spine1-Matrix-animation-output-transform-array" count="22" stride="16"><param type="float4x4"/></accessor></technique_common></source><source id="mixamorig_Spine1-Interpolations"><Name_array id="mixamorig_Spine1-Interpolations-array" count="22">
 LINEAR LINEAR LINEAR LINEAR LINEAR LINEAR LINEAR LINEAR LINEAR LINEAR LINEAR
LINEAR LINEAR LINEAR LINEAR LINEAR LINEAR LINEAR LINEAR LINEAR LINEAR LINEAR</Name_array><technique_common><accessor source="#mixamorig_Spine1-Interpolations-array" count="22"><param type="name"/></accessor></technique_common></source><sampler id="mixamorig_Spine1-Matrix-animation-transform"><input semantic="INPUT" source="#mixamorig_Spine1-Matrix-animation-input"/><input semantic="OUTPUT" source="#mixamorig_Spine1-Matrix-animation-output-transform"/><input semantic="INTERPOLATION" source="#mixamorig_Spine1-Interpolations"/></sampler><channel source="#mixamorig_Spine1-Matrix-animation-transform" target="mixamorig_Spine1/matrix"/></animation>
    <animation id="mixamorig_Spine2-anim" name="mixamorig_Spine2"><source id="mixamorig_Spine2-Matrix-animation-input"><float_array id="mixamorig_Spine2-Matrix-animation-input-array" count="22">

0.000000 0.033333 0.066667 0.100000 0.133333 0.166667 0.200000 0.233333 0.266667 0.300000 0.333333 0.366667 0.400000 0.433333 0.466667 0.500000
0.533333 0.566667 0.600000 0.633333 0.666667 0.700000</float_array><technique_common><accessor source="#mixamorig_Spine2-Matrix-animation-input-array" count="22"><param name="TIME" type="float"/></accessor></technique_common></source><source id="mixamorig_Spine2-Matrix-animation-output-transform"><float_array id="mixamorig_Spine2-Matrix-animation-output-transform-array" count="352">

0.998355 -0.028686 0.049647 -0.000000 0.036794 0.984584 -0.171001 7.402000 -0.043976 0.172547 0.984019 0.000000 0.000000 0.000000 0.000000 1.000000
0.995990 -0.011025 0.088788 -0.000000 0.024922 0.987288 -0.156977 7.402000 -0.085929 0.158561 0.983603 -0.000000 0.000000 0.000000 0.000000 1.000000
0.992362 0.006685 0.123176 -0.000000 0.010872 0.989905 -0.141318 7.402000 -0.122878 0.141578 0.982271 0.000000 0.000000 0.000000 0.000000 1.000000
0.989283 0.026515 0.143581 0.000000 -0.009130 0.992683 -0.120408 7.402000 -0.145723 0.117807 0.982286 0.000000 0.000000 0.000000 0.000000 1.000000
0.986450 0.039877 0.159142 0.000000 -0.023918 0.994602 -0.100971 7.402000 -0.162309 0.095797 0.982079 -0.000000 0.000000 0.000000 0.000000 1.000000
0.985806 0.041342 0.162716 0.000000 -0.024428 0.994214 -0.104607 7.402000 -0.166099 0.099148 0.981112 0.000000 0.000000 0.000000 0.000000 1.000000
0.987959 0.041236 0.149118 0.000000 -0.023711 0.992796 -0.117449 7.402000 -0.152887 0.112499 0.981820 0.000000 0.000000 0.000000 0.000000 1.000000
0.990749 0.041072 0.129340 0.000000 -0.023357 0.990487 -0.135609 7.402000 -0.133679 0.131334 0.982284 0.000000 0.000000 0.000000 0.000000 1.000000
0.993339 0.046295 0.105523 -0.000000 -0.029061 0.986792 -0.159362 7.402000 -0.111507 0.155234 0.981564 -0.000000 0.000000 0.000000 0.000000 1.000000
0.997490 0.041579 0.057305 0.000000 -0.030983 0.984126 -0.174744 7.402000 -0.063661 0.172530 0.982945 0.000000 0.000000 0.000000 0.000000 1.000000
0.999645 0.026003 -0.005730 0.000000 -0.026616 0.981974 -0.187133 7.402000 0.000761 0.187219 0.982318 -0.000000 0.000000 0.000000 0.000000 1.000000
0.998241 -0.005257 -0.059054 0.000000 -0.006046 0.981844 -0.189596 7.402000 0.058978 0.189619 0.980085 0.000000 0.000000 0.000000 0.000000 1.000000
0.994546 -0.041356 -0.095754 0.000000 0.024096 0.984301 -0.174848 7.402000 0.101482 0.171587 0.979928 0.000000 0.000000 0.000000 0.000000 1.000000
0.989479 -0.066063 -0.128710 0.000000 0.045595 0.986714 -0.155936 7.402000 0.137301 0.148427 0.979346 0.000000 0.000000 0.000000 0.000000 1.000000
0.985021 -0.082238 -0.151561 0.000000 0.059985 0.987471 -0.145958 7.402000 0.161666 0.134680 0.977612 0.000000 0.000000 0.000000 0.000000 1.000000
0.983948 -0.084479 -0.157193 0.000000 0.059396 0.985662 -0.157929 7.402000 0.168281 0.146057 0.974858 -0.000000 0.000000 0.000000 0.000000 1.000000
0.986555 -0.081967 -0.141388 0.000000 0.058110 0.984530 -0.165298 7.402000 0.152749 0.154860 0.976056 0.000000 0.000000 0.000000 0.000000 1.000000
0.988146 -0.082230 -0.129634 -0.000000 0.059750 0.983865 -0.168640 7.402000 0.141410 0.158895 0.977116 -0.000000 0.000000 0.000000 0.000000 1.000000
0.991318 -0.077838 -0.105970 0.000000 0.058590 0.983008 -0.173960 7.402000 0.117710 0.166241 0.979034 -0.000000 0.000000 0.000000 0.000000 1.000000
0.995337 -0.075213 -0.060388 0.000000 0.063066 0.981170 -0.182561 7.402000 0.072982 0.177901 0.981338 -0.000000 0.000000 0.000000 0.000000 1.000000
0.997375 -0.070958 -0.014405 -0.000000 0.067105 0.980606 -0.184141 7.402000 0.027192 0.182691 0.982794 0.000000 0.000000 0.000000 0.000000 1.000000
0.998355 -0.028686 0.049647 0.000000 0.036794 0.984583 -0.171002 7.402000 -0.043976 0.172547 0.984019 0.000000 0.000000 0.000000 0.000000 1.000000</float_array><technique_common><accessor source="#mixamorig_Spine2-Matrix-animation-output-transform-array" count="22" stride="16"><param type="float4x4"/></accessor></technique_common></source><source id="mixamorig_Spine2-Interpolations"><Name_array id="mixamorig_Spine2-Interpolations-array" count="22">
 LINEAR LINEAR LINEAR LINEAR LINEAR LINEAR LINEAR LINEAR LINEAR LINEAR LINEAR
LINEAR LINEAR LINEAR LINEAR LINEAR LINEAR LINEAR LINEAR LINEAR LINEAR LINEAR</Name_array><technique_common><accessor source="#mixamorig_Spine2-Interpolations-array" count="22"><param type="name"/></accessor></technique_common></source><sampler id="mixamorig_Spine2-Matrix-animation-transform"><input semantic="INPUT" source="#mixamorig_Spine2-Matrix-animation-input"/><input semantic="OUTPUT" source="#mixamorig_Spine2-Matrix-animation-output-transform"/><input semantic="INTERPOLATION" source="#mixamorig_Spine2-Interpolations"/></sampler><channel source="#mixamorig_Spine2-Matrix-animation-transform" target="mixamorig_Spine2/matrix"/></animation>
    <animation id="mixamorig_Neck-anim" name="mixamorig_Neck"><source id="mixamorig_Neck-Matrix-animation-input"><float_array id="mixamorig_Neck-Matrix-animation-input-array" count="22">

0.000000 0.033333 0.066667 0.100000 0.133333 0.166667 0.200000 0.233333 0.266667 0.300000 0.333333 0.366667 0.400000 0.433333 0.466667 0.500000
0.533333 0.566667 0.600000 0.633333 0.666667 0.700000</float_array><technique_common><accessor source="#mixamorig_Neck-Matrix-animation-input-array" count="22"><param name="TIME" type="float"/></accessor></technique_common></source><source id="mixamorig_Neck-Matrix-animation-output-transform"><float_array id="mixamorig_Neck-Matrix-animation-output-transform-array" count="352">

0.998465 0.007577 -0.054863 0.000000 0.001130 0.987605 0.156957 8.327200 0.055372 -0.156778 0.986080 0.000000 0.000000 0.000000 0.000000 1.000000
0.996896 0.019106 -0.076372 0.000000 -0.006716 0.987207 0.159303 8.327200 0.078438 -0.158296 0.984271 0.000000 0.000000 0.000000 0.000000 1.000000
0.994094 0.009508 -0.108101 -0.000000 0.005915 0.989926 0.141462 8.327200 0.108357 -0.141266 0.984024 0.000000 0.000000 0.000000 0.000000 1.000000
0.991785 0.010401 -0.127489 0.000000 0.005432 0.992365 0.123215 8.327200 0.127797 -0.122895 0.984157 -0.000000 0.000000 0.000000 0.000000 1.000000
0.989549 -0.007671 -0.143994 0.000000 0.019163 0.996722 0.078595 8.327200 0.142919 -0.080533 0.986452 0.000000 0.000000 0.000000 0.000000 1.000000
0.989677 -0.025513 -0.141026 -0.000000 0.032802 0.998230 0.049606 8.327200 0.139511 -0.053720 0.988762 -0.000000 0.000000 0.000000 0.000000 1.000000
0.991887 -0.007040 -0.126924 0.000000 0.014789 0.998076 0.060215 8.327200 0.126256 -0.061603 0.990083 0.000000 0.000000 0.000000 0.000000 1.000000
0.992798 -0.005584 -0.119669 0.000000 0.014208 0.997351 0.071335 8.327200 0.118954 -0.072521 0.990248 0.000000 0.000000 0.000000 0.000000 1.000000
0.993754 -0.023328 -0.109129 0.000000 0.035205 0.993504 0.108213 8.327200 0.105895 -0.111379 0.988120 0.000000 0.000000 0.000000 0.000000 1.000000
0.996500 -0.027115 -0.079078 0.000000 0.037444 0.990514 0.132215 8.327200 0.074743 -0.134713 0.988062 0.000000 0.000000 0.000000 0.000000 1.000000
0.999161 -0.012875 -0.038886 0.000000 0.018248 0.989821 0.141140 8.327200 0.036673 -0.141732 0.989226 -0.000000 0.000000 0.000000 0.000000 1.000000
0.999112 -0.036681 -0.020743 0.000000 0.039678 0.984653 0.169951 8.327200 0.014191 -0.170623 0.985234 -0.000000 0.000000 0.000000 0.000000 1.000000
0.999287 0.021230 0.031229 0.000000 -0.025850 0.987433 0.155911 8.327200 -0.027527 -0.156607 0.987277 -0.000000 0.000000 0.000000 0.000000 1.000000
0.997906 0.004524 0.064527 0.000000 -0.016164 0.983345 0.181027 8.327200 -0.062634 -0.181691 0.981359 -0.000000 0.000000 0.000000 0.000000 1.000000
0.996213 0.005410 0.086782 0.000000 -0.022565 0.979953 0.197947 8.327200 -0.083971 -0.199156 0.976364 -0.000000 0.000000 0.000000 0.000000 1.000000
0.995232 0.013044 0.096661 0.000000 -0.032789 0.978083 0.205615 8.327200 -0.091861 -0.207805 0.973847 0.000000 0.000000 0.000000 0.000000 1.000000
0.995988 0.021531 0.086859 -0.000000 -0.037175 0.982459 0.182736 8.327200 -0.081401 -0.185231 0.979318 0.000000 0.000000 0.000000 0.000000 1.000000
0.996209 0.031453 0.081110 0.000000 -0.045050 0.984121 0.171688 8.327200 -0.074422 -0.174691 0.981807 0.000000 0.000000 0.000000 0.000000 1.000000
0.995684 0.055416 0.074446 0.000000 -0.068058 0.981356 0.179744 8.327200 -0.063097 -0.184034 0.980892 0.000000 0.000000 0.000000 0.000000 1.000000
0.998210 0.047049 0.036931 -0.000000 -0.053204 0.980562 0.188860 8.327200 -0.027328 -0.190487 0.981309 0.000000 0.000000 0.000000 0.000000 1.000000
0.999081 0.042799 -0.002177 0.000000 -0.041696 0.982557 0.181229 8.327200 0.009896 -0.180972 0.983438 0.000000 0.000000 0.000000 0.000000 1.000000
0.998465 0.007577 -0.054863 -0.000000 0.001130 0.987605 0.156958 8.327200 0.055372 -0.156779 0.986080 0.000000 0.000000 0.000000 0.000000 1.000000</float_array><technique_common><accessor source="#mixamorig_Neck-Matrix-animation-output-transform-array" count="22" stride="16"><param type="float4x4"/></accessor></technique_common></source><source id="mixamorig_Neck-Interpolations"><Name_array id="mixamorig_Neck-Interpolations-array" count="22">
 LINEAR LINEAR LINEAR LINEAR LINEAR LINEAR LINEAR LINEAR LINEAR LINEAR LINEAR
LINEAR LINEAR LINEAR LINEAR LINEAR LINEAR LINEAR LINEAR LINEAR LINEAR LINEAR</Name_array><technique_common><accessor source="#mixamorig_Neck-Interpolations-array" count="22"><param type="name"/></accessor></technique_common></source><sampler id="mixamorig_Neck-Matrix-animation-transform"><input semantic="INPUT" source="#mixamorig_Neck-Matrix-animation-input"/><input semantic="OUTPUT" source="#mixamorig_Neck-Matrix-animation-output-transform"/><input semantic="INTERPOLATION" source="#mixamorig_Neck-Interpolations"/></sampler><channel source="#mixamorig_Neck-Matrix-animation-transform" target="mixamorig_Neck/matrix"/></animation>
    <animation id="mixamorig_Head-anim" name="mixamorig_Head"><source id="mixamorig_Head-Matrix-animation-input"><float_array id="mixamorig_Head-Matrix-animation-input-array" count="22">

0.000000 0.033333 0.066667 0.100000 0.133333 0.166667 0.200000 0.233333 0.266667 0.300000 0.333333 0.366667 0.400000 0.433333 0.466667 0.500000
0.533333 0.566667 0.600000 0.633333 0.666667 0.700000</float_array><technique_common><accessor source="#mixamorig_Head-Matrix-animation-input-array" count="22"><param name="TIME" type="float"/></accessor></technique_common></source><source id="mixamorig_Head-Matrix-animation-output-transform"><float_array id="mixamorig_Head-Matrix-animation-output-transform-array" count="352">

0.987594 0.090815 -0.128108 0.000000 -0.057729 0.968649 0.241632 8.843900 0.146036 -0.231239 0.961874 1.264000 0.000000 0.000000 0.000000 1.000000
0.975794 0.083797 -0.201999 -0.000000 -0.042689 0.978893 0.199864 8.843900 0.214483 -0.186403 0.958776 1.264000 0.000000 0.000000 0.000000 1.000000
0.957954 0.084562 -0.274178 0.000000 -0.037339 0.984198 0.173088 8.843900 0.284482 -0.155573 0.945974 1.264000 0.000000 0.000000 0.000000 1.000000
0.940384 0.052648 -0.336014 0.000000 -0.015807 0.993644 0.111451 8.843900 0.339746 -0.099496 0.935240 1.264000 0.000000 0.000000 0.000000 1.000000
0.931204 0.051046 -0.360907 0.000000 -0.014226 0.994480 0.103953 8.843900 0.364221 -0.091667 0.926790 1.264000 0.000000 0.000000 0.000000 1.000000
0.942001 0.065988 -0.329058 0.000000 -0.028125 0.992552 0.118530 8.843900 0.334428 -0.102401 0.936841 1.264000 0.000000 0.000000 0.000000 1.000000
0.944878 0.027019 -0.326307 0.000000 0.003490 0.995702 0.092554 8.843900 0.327405 -0.088591 0.940722 1.264000 0.000000 0.000000 0.000000 1.000000
0.945484 -0.009167 -0.325539 0.000000 0.043517 0.994196 0.098393 8.843900 0.322748 -0.107195 0.940395 1.264000 0.000000 0.000000 0.000000 1.000000
0.956296 -0.033052 -0.290527 0.000000 0.074930 0.988114 0.134228 8.843900 0.282637 -0.150131 0.947406 1.264000 0.000000 0.000000 0.000000 1.000000
0.972242 -0.061276 -0.225810 0.000000 0.110912 0.970474 0.214192 8.843900 0.206018 -0.233292 0.950332 1.264000 0.000000 0.000000 0.000000 1.000000
0.984650 -0.083840 -0.153088 0.000000 0.121702 0.958489 0.257850 8.843900 0.125115 -0.272523 0.953980 1.264000 0.000000 0.000000 0.000000 1.000000
0.996402 -0.054169 -0.065186 0.000000 0.069100 0.964549 0.254695 8.843900 0.049078 -0.258283 0.964822 1.264000 0.000000 0.000000 0.000000 1.000000
0.998550 -0.053496 0.005989 0.000000 0.050330 0.967300 0.248591 8.843900 -0.019092 -0.247929 0.968590 1.264000 0.000000 0.000000 0.000000 1.000000
0.991852 -0.027532 0.124383 -0.000000 0.005423 0.984607 0.174701 8.843900 -0.127278 -0.172603 0.976733 1.264000 0.000000 0.000000 0.000000 1.000000
0.982253 -0.006468 0.187448 0.000000 -0.024852 0.986105 0.164251 8.843900 -0.185906 -0.165995 0.968445 1.264000 0.000000 0.000000 0.000000 1.000000
0.978103 -0.001826 0.208116 -0.000000 -0.036766 0.982719 0.181417 8.843900 -0.204851 -0.185096 0.961133 1.264000 0.000000 0.000000 0.000000 1.000000
0.980500 0.033284 0.193679 0.000000 -0.072698 0.977071 0.200120 8.843900 -0.182577 -0.210298 0.960438 1.264000 0.000000 0.000000 0.000000 1.000000
0.982984 0.052703 0.175966 0.000000 -0.088757 0.974980 0.203804 8.843900 -0.160822 -0.215955 0.963068 1.264000 0.000000 0.000000 0.000000 1.000000
0.992033 0.037550 0.120252 0.000000 -0.063202 0.974074 0.217224 8.843900 -0.108977 -0.223094 0.968686 1.264000 0.000000 0.000000 0.000000 1.000000
0.996762 0.064214 0.048392 -0.000000 -0.074679 0.962409 0.261135 8.843900 -0.029804 -0.263903 0.964089 1.264000 0.000000 0.000000 0.000000 1.000000
0.996117 0.077053 -0.042592 0.000000 -0.063277 0.962947 0.262160 8.843900 0.061214 -0.258447 0.964084 1.264000 0.000000 0.000000 0.000000 1.000000
0.987594 0.090815 -0.128108 0.000000 -0.057729 0.968649 0.241632 8.843900 0.146036 -0.231239 0.961874 1.264000 0.000000 0.000000 0.000000 1.000000</float_array><technique_common><accessor source="#mixamorig_Head-Matrix-animation-output-transform-array" count="22" stride="16"><param type="float4x4"/></accessor></technique_common></source><source id="mixamorig_Head-Interpolations"><Name_array id="mixamorig_Head-Interpolations-array" count="22">
 LINEAR LINEAR LINEAR LINEAR LINEAR LINEAR LINEAR LINEAR LINEAR LINEAR LINEAR
LINEAR LINEAR LINEAR LINEAR LINEAR LINEAR LINEAR LINEAR LINEAR LINEAR LINEAR</Name_array><technique_common><accessor source="#mixamorig_Head-Interpolations-array" count="22"><param type="name"/></accessor></technique_common></source><sampler id="mixamorig_Head-Matrix-animation-transform"><input semantic="INPUT" source="#mixamorig_Head-Matrix-animation-input"/><input semantic="OUTPUT" source="#mixamorig_Head-Matrix-animation-output-transform"/><input semantic="INTERPOLATION" source="#mixamorig_Head-Interpolations"/></sampler><channel source="#mixamorig_Head-Matrix-animation-transform" target="mixamorig_Head/matrix"/></animation>
    <animation id="mixamorig_LeftShoulder-anim" name="mixamorig_LeftShoulder"><source id="mixamorig_LeftShoulder-Matrix-animation-input"><float_array id="mixamorig_LeftShoulder-Matrix-animation-input-array" count="22">

0.000000 0.033333 0.066667 0.100000 0.133333 0.166667 0.200000 0.233333 0.266667 0.300000 0.333333 0.366667 0.400000 0.433333 0.466667 0.500000
0.533333 0.566667 0.600000 0.633333 0.666667 0.700000</float_array><technique_common><accessor source="#mixamorig_LeftShoulder-Matrix-animation-input-array" count="22"><param name="TIME" type="float"/></accessor></technique_common></source><source id="mixamorig_LeftShoulder-Matrix-animation-output-transform"><float_array id="mixamorig_LeftShoulder-Matrix-animation-output-transform-array" count="352">

0.026717 0.927781 -0.372168 3.666000 0.020307 -0.372728 -0.927719 6.116000 -0.999437 0.017228 -0.028798 0.034600 0.000000 0.000000 0.000000 1.000000
0.011303 0.931365 -0.363911 3.666000 0.021396 -0.364076 -0.931123 6.116000 -0.999707 0.002739 -0.024043 0.034600 0.000000 0.000000 0.000000 1.000000
-0.006462 0.935595 -0.353016 3.666000 0.022370 -0.352800 -0.935431 6.116000 -0.999729 -0.013942 -0.018650 0.034600 0.000000 0.000000 0.000000 1.000000
-0.023821 0.939453 -0.341849 3.666000 0.022867 -0.341345 -0.939660 6.116000 -0.999455 -0.030201 -0.013352 0.034600 0.000000 0.000000 0.000000 1.000000
-0.036428 0.941709 -0.334450 3.666000 0.022841 -0.333800 -0.942367 6.116000 -0.999075 -0.041968 -0.009350 0.034600 0.000000 0.000000 0.000000 1.000000
-0.038699 0.941075 -0.335975 3.666000 0.022601 -0.335317 -0.941834 6.116000 -0.998995 -0.044041 -0.008293 0.034600 0.000000 0.000000 0.000000 1.000000
-0.026584 0.936835 -0.348761 3.666000 0.022275 -0.348243 -0.937140 6.116000 -0.999398 -0.032681 -0.011611 0.034600 0.000000 0.000000 0.000000 1.000000
-0.000372 0.929495 -0.368834 3.666000 0.021295 -0.368743 -0.929287 6.116000 -0.999773 -0.008200 -0.019656 0.034600 0.000000 0.000000 0.000000 1.000000
0.034647 0.921345 -0.387199 3.666000 0.019262 -0.387975 -0.921469 6.116000 -0.999214 0.024468 -0.031189 0.034600 0.000000 0.000000 0.000000 1.000000
0.070376 0.915501 -0.396113 3.666000 0.017082 -0.398145 -0.917163 6.116000 -0.997374 0.057780 -0.043658 0.034600 0.000000 0.000000 0.000000 1.000000
0.098906 0.913484 -0.394670 3.666000 0.016113 -0.398033 -0.917230 6.116000 -0.994966 0.084361 -0.054087 0.034600 0.000000 0.000000 0.000000 1.000000
0.114884 0.914152 -0.388751 3.666000 0.016437 -0.393038 -0.919375 6.116000 -0.993243 0.099232 -0.060180 0.034600 0.000000 0.000000 0.000000 1.000000
0.117782 0.915255 -0.385274 3.666000 0.016971 -0.389774 -0.920754 6.116000 -0.992894 0.101910 -0.061442 0.034600 0.000000 0.000000 0.000000 1.000000
0.112729 0.915345 -0.386570 3.666000 0.017019 -0.390772 -0.920330 6.116000 -0.993480 0.097168 -0.059629 0.034600 0.000000 0.000000 0.000000 1.000000
0.107385 0.914324 -0.390486 3.666000 0.016676 -0.394359 -0.918805 6.116000 -0.994078 0.092154 -0.057596 0.034600 0.000000 0.000000 0.000000 1.000000
0.106434 0.912777 -0.394347 3.666000 0.016186 -0.398138 -0.917183 6.116000 -0.994188 0.091237 -0.057150 0.034600 0.000000 0.000000 0.000000 1.000000
0.108782 0.911243 -0.397243 3.666000 0.015689 -0.401139 -0.915883 6.116000 -0.993942 0.093399 -0.057934 0.034600 0.000000 0.000000 0.000000 1.000000
0.109268 0.910596 -0.398592 3.666000 0.015470 -0.402502 -0.915288 6.116000 -0.993892 0.093846 -0.058067 0.034600 0.000000 0.000000 0.000000 1.000000
0.102538 0.912223 -0.396654 3.666000 0.015991 -0.400216 -0.916281 6.116000 -0.994601 0.087610 -0.055625 0.034600 0.000000 0.000000 0.000000 1.000000
0.085828 0.916723 -0.390195 3.666000 0.017383 -0.392958 -0.919392 6.116000 -0.996158 0.072127 -0.049662 0.034600 0.000000 0.000000 0.000000 1.000000
0.059689 0.922740 -0.380772 3.666000 0.019063 -0.382436 -0.923785 6.116000 -0.998035 0.047882 -0.040417 0.034600 0.000000 0.000000 0.000000 1.000000
0.026717 0.927779 -0.372173 3.666000 0.020306 -0.372732 -0.927717 6.116000 -0.999437 0.017228 -0.028798 0.034600 0.000000 0.000000 0.000000 1.000000</float_array><technique_common><accessor source="#mixamorig_LeftShoulder-Matrix-animation-output-transform-array" count="22" stride="16"><param type="float4x4"/></accessor></technique_common></source><source id="mixamorig_LeftShoulder-Interpolations"><Name_array id="mixamorig_LeftShoulder-Interpolations-array" count="22">
 LINEAR LINEAR LINEAR LINEAR LINEAR LINEAR LINEAR LINEAR LINEAR LINEAR LINEAR
LINEAR LINEAR LINEAR LINEAR LINEAR LINEAR LINEAR LINEAR LINEAR LINEAR LINEAR</Name_array><technique_common><accessor source="#mixamorig_LeftShoulder-Interpolations-array" count="22"><param type="name"/></accessor></technique_common></source><sampler id="mixamorig_LeftShoulder-Matrix-animation-transform"><input semantic="INPUT" source="#mixamorig_LeftShoulder-Matrix-animation-input"/><input semantic="OUTPUT" source="#mixamorig_LeftShoulder-Matrix-animation-output-transform"/><input semantic="INTERPOLATION" source="#mixamorig_LeftShoulder-Interpolations"/></sampler><channel source="#mixamorig_LeftShoulder-Matrix-animation-transform" target="mixamorig_LeftShoulder/matrix"/></animation>
    <animation id="mixamorig_LeftArm-anim" name="mixamorig_LeftArm"><source id="mixamorig_LeftArm-Matrix-animation-input"><float_array id="mixamorig_LeftArm-Matrix-animation-input-array" count="22">

0.000000 0.033333 0.066667 0.100000 0.133333 0.166667 0.200000 0.233333 0.266667 0.300000 0.333333 0.366667 0.400000 0.433333 0.466667 0.500000
0.533333 0.566667 0.600000 0.633333 0.666667 0.700000</float_array><technique_common><accessor source="#mixamorig_LeftArm-Matrix-animation-input-array" count="22"><param name="TIME" type="float"/></accessor></technique_common></source><source id="mixamorig_LeftArm-Matrix-animation-output-transform"><float_array id="mixamorig_LeftArm-Matrix-animation-output-transform-array" count="352">

0.896816 0.429546 -0.105885 0.000000 -0.375700 0.613085 -0.694964 8.941700 -0.233603 0.663036 0.711205 -0.000000 0.000000 0.000000 0.000000 1.000000
0.876591 0.472249 -0.092565 0.000000 -0.411094 0.634848 -0.654194 8.941700 -0.250178 0.611514 0.750641 0.000000 0.000000 0.000000 0.000000 1.000000
0.865736 0.497950 -0.050470 -0.000000 -0.423211 0.674480 -0.604954 8.941700 -0.267196 0.545090 0.794659 0.000000 0.000000 0.000000 0.000000 1.000000
0.860751 0.509015 0.003396 0.000000 -0.422261 0.717744 -0.553660 8.941700 -0.284259 0.475130 0.832736 0.000000 0.000000 0.000000 0.000000 1.000000
0.858945 0.509511 0.051111 0.000000 -0.415809 0.752249 -0.511101 8.941700 -0.298860 0.417755 0.858000 -0.000000 0.000000 0.000000 0.000000 1.000000
0.865659 0.494789 0.076273 -0.000000 -0.401934 0.777712 -0.483335 8.941700 -0.298468 0.387747 0.872106 -0.000000 0.000000 0.000000 0.000000 1.000000
0.892066 0.446594 0.069073 0.000000 -0.366786 0.804820 -0.466618 8.941700 -0.263980 0.390919 0.881758 0.000000 0.000000 0.000000 0.000000 1.000000
0.937102 0.347847 0.029017 -0.000000 -0.296151 0.836320 -0.461371 8.941700 -0.184754 0.423758 0.886733 0.000000 0.000000 0.000000 0.000000 1.000000
0.978173 0.205526 -0.030603 0.000000 -0.194621 0.854578 -0.481477 8.941700 -0.072804 0.476923 0.875924 0.000000 0.000000 0.000000 0.000000 1.000000
0.994723 0.057902 -0.084698 0.000000 -0.094215 0.842344 -0.530641 8.941700 0.040620 0.535820 0.843355 0.000000 0.000000 0.000000 0.000000 1.000000
0.991274 -0.051943 -0.121155 -0.000000 -0.028879 0.811192 -0.584067 8.941700 0.128618 0.582469 0.802613 0.000000 0.000000 0.000000 0.000000 1.000000
0.982424 -0.107859 -0.152345 0.000000 -0.008437 0.789666 -0.613479 8.941700 0.186471 0.603982 0.774877 -0.000000 0.000000 0.000000 0.000000 1.000000
0.974216 -0.119760 -0.191207 0.000000 -0.022577 0.791486 -0.610770 8.941700 0.224484 0.599339 0.768375 -0.000000 0.000000 0.000000 0.000000 1.000000
0.966211 -0.107633 -0.234205 0.000000 -0.052076 0.808386 -0.586345 8.941700 0.252438 0.578729 0.775466 0.000000 0.000000 0.000000 0.000000 1.000000
0.959490 -0.086896 -0.268006 0.000000 -0.081638 0.824690 -0.559662 8.941700 0.269655 0.558870 0.784188 0.000000 0.000000 0.000000 0.000000 1.000000
0.958402 -0.055248 -0.280024 0.000000 -0.111850 0.829920 -0.546554 8.941700 0.262594 0.555140 0.789218 0.000000 0.000000 0.000000 0.000000 1.000000
0.964501 0.000664 -0.264080 0.000000 -0.151625 0.820132 -0.551719 8.941700 0.216214 0.572174 0.791118 0.000000 0.000000 0.000000 0.000000 1.000000
0.971177 0.081491 -0.223998 -0.000000 -0.199041 0.794293 -0.574005 8.941700 0.131144 0.602045 0.787619 0.000000 0.000000 0.000000 0.000000 1.000000
0.970066 0.171028 -0.172398 0.000000 -0.241427 0.755721 -0.608768 8.941700 0.026169 0.632167 0.774390 0.000000 0.000000 0.000000 0.000000 1.000000
0.958330 0.256630 -0.125478 0.000000 -0.275247 0.712001 -0.645982 8.941700 -0.076438 0.653602 0.752969 0.000000 0.000000 0.000000 0.000000 1.000000
0.935095 0.340327 -0.098868 0.000000 -0.313845 0.665633 -0.677077 8.941700 -0.164618 0.664161 0.729240 0.000000 0.000000 0.000000 0.000000 1.000000
0.896816 0.429546 -0.105885 0.000000 -0.375701 0.613085 -0.694964 8.941700 -0.233603 0.663036 0.711205 0.000000 0.000000 0.000000 0.000000 1.000000</float_array><technique_common><accessor source="#mixamorig_LeftArm-Matrix-animation-output-transform-array" count="22" stride="16"><param type="float4x4"/></accessor></technique_common></source><source id="mixamorig_LeftArm-Interpolations"><Name_array id="mixamorig_LeftArm-Interpolations-array" count="22">
 LINEAR LINEAR LINEAR LINEAR LINEAR LINEAR LINEAR LINEAR LINEAR LINEAR LINEAR
