<?xml version="1.0" encoding="utf-8"?>
<COLLADA xmlns="http://www.collada.org/2005/11/COLLADASchema" version="1.4.1">
  <asset><contributor><author>Mixamo</author><authoring_tool>COLLADA Mixamo exporter</authoring_tool><comments></comments></contributor><created>2020-03-12T19:29:28Z</created><modified>2020-03-12T19:29:28Z</modified><revision></revision><title></title><unit meter="0.304800"/><up_axis>Y_UP</up_axis></asset>
  <library_animations>
    <animation id="mixamorig_Hips-anim" name="mixamorig_Hips"><source id="mixamorig_Hips-Matrix-animation-input"><float_array id="mixamorig_Hips-Matrix-animation-input-array" count="43">

0.000000 0.033333 0.066667 0.100000 0.133333 0.166667 0.200000 0.233333 0.266667 0.300000 0.333333 0.366667 0.400000 0.433333 0.466667 0.500000
0.533333 0.566667 0.600000 0.633333 0.666667 0.700000 0.733333 0.766667 0.800000 0.833333 0.866667 0.900000 0.933333 0.966667 1.000000 1.033333
1.066667 1.100000 1.133333 1.166667 1.200000 1.233333 1.266667 1.300000 1.333333 1.366667 1.400000</float_array><technique_common><accessor source="#mixamorig_Hips-Matrix-animation-input-array" count="43"><param name="TIME" type="float"/></accessor></technique_common></source><source id="mixamorig_Hips-Matrix-animation-output-transform"><float_array id="mixamorig_Hips-Matrix-animation-output-transform-array" count="688">

0.999875 0.015594 0.002483 -0.425109 -0.015562 0.999802 -0.012425 51.161747 -0.002676 0.012385 0.999920 0.048161 0.000000 0.000000 0.000000 1.000000
0.999947 0.004763 -0.009119 -0.516672 -0.004855 0.999936 -0.010171 51.350933 0.009070 0.010215 0.999907 1.558839 0.000000 0.000000 0.000000 1.000000
0.999794 0.002094 -0.020195 -0.582214 -0.002345 0.999920 -0.012409 51.444820 0.020167 0.012453 0.999719 3.058417 0.000000 0.000000 0.000000 1.000000
0.999507 0.005543 -0.030899 -0.628896 -0.006178 0.999771 -0.020511 51.444698 0.030778 0.020692 0.999312 4.590304 0.000000 0.000000 0.000000 1.000000
0.999035 0.013067 -0.041925 -0.659615 -0.014469 0.999340 -0.033316 51.317509 0.041462 0.033891 0.998565 6.202067 0.000000 0.000000 0.000000 1.000000
0.998265 0.022743 -0.054308 -0.674094 -0.025284 0.998594 -0.046580 51.020340 0.053172 0.047873 0.997437 7.918303 0.000000 0.000000 0.000000 1.000000
0.997119 0.033518 -0.068049 -0.673260 -0.037383 0.997711 -0.056348 50.577141 0.066005 0.058729 0.996089 9.771871 0.000000 0.000000 0.000000 1.000000
0.995650 0.041346 -0.083497 -0.658313 -0.046617 0.996975 -0.062199 50.119141 0.080673 0.065820 0.994565 11.734630 0.000000 0.000000 0.000000 1.000000
0.994169 0.040274 -0.100031 -0.612853 -0.047061 0.996680 -0.066445 49.721455 0.097023 0.070765 0.992763 13.840718 0.000000 0.000000 0.000000 1.000000
0.992846 0.025337 -0.116685 -0.515459 -0.033729 0.996940 -0.070516 49.409870 0.114541 0.073948 0.990662 16.105476 0.000000 0.000000 0.000000 1.000000
0.991143 -0.002125 -0.132781 -0.357066 -0.007543 0.997357 -0.072265 49.168068 0.132583 0.072626 0.988508 18.501444 0.000000 0.000000 0.000000 1.000000
0.988356 -0.033849 -0.148347 -0.140361 0.023877 0.997366 -0.068491 48.960529 0.150275 0.064151 0.986561 20.963572 0.000000 0.000000 0.000000 1.000000
0.984663 -0.062711 -0.162810 0.132061 0.053610 0.996775 -0.059709 48.834526 0.166029 0.050065 0.984849 23.392262 0.000000 0.000000 0.000000 1.000000
0.980565 -0.086190 -0.176247 0.439739 0.078577 0.995666 -0.049737 48.715469 0.179770 0.034922 0.983089 25.656601 0.000000 0.000000 0.000000 1.000000
0.976322 -0.104365 -0.189482 0.736505 0.098352 0.994311 -0.040887 48.585281 0.192671 0.021283 0.981033 27.740688 0.000000 0.000000 0.000000 1.000000
0.973493 -0.112473 -0.199154 0.986730 0.108508 0.993620 -0.030746 48.611206 0.201341 0.008321 0.979486 29.739780 0.000000 0.000000 0.000000 1.000000
0.974006 -0.108684 -0.198747 1.182343 0.107568 0.994062 -0.016433 48.876553 0.199353 -0.005373 0.979913 31.680315 0.000000 0.000000 0.000000 1.000000
0.978262 -0.096477 -0.183562 1.337156 0.098166 0.995170 0.000118 49.344135 0.182665 -0.018135 0.983008 33.526386 0.000000 0.000000 0.000000 1.000000
0.984336 -0.081818 -0.156167 1.469919 0.084975 0.996290 0.013633 49.912231 0.154472 -0.026690 0.987637 35.252102 0.000000 0.000000 0.000000 1.000000
0.989769 -0.068643 -0.125083 1.590723 0.071872 0.997183 0.021477 50.476746 0.123257 -0.030247 0.991914 36.872562 0.000000 0.000000 0.000000 1.000000
0.993524 -0.057498 -0.098002 1.699642 0.060243 0.997863 0.025287 50.961868 0.096339 -0.031027 0.994865 38.422600 0.000000 0.000000 0.000000 1.000000
0.995898 -0.047773 -0.076837 1.792872 0.050023 0.998366 0.027628 51.316158 0.075392 -0.031359 0.996661 39.937157 0.000000 0.000000 0.000000 1.000000
0.997486 -0.039353 -0.058925 1.865398 0.041158 0.998710 0.029745 51.483837 0.057679 -0.032096 0.997819 41.447678 0.000000 0.000000 0.000000 1.000000
0.998607 -0.032332 -0.041695 1.917898 0.033668 0.998929 0.031747 51.482220 0.040624 -0.033107 0.998626 42.980419 0.000000 0.000000 0.000000 1.000000
0.999337 -0.026776 -0.024650 1.951803 0.027582 0.999077 0.032927 51.328960 0.023745 -0.033585 0.999154 44.561871 0.000000 0.000000 0.000000 1.000000
0.999721 -0.022207 -0.008078 1.973291 0.022453 0.999243 0.031777 51.058632 0.007367 -0.031949 0.999462 46.215317 0.000000 0.000000 0.000000 1.000000
0.999813 -0.017722 0.007778 1.989132 0.017509 0.999493 0.026584 50.764610 -0.008245 -0.026442 0.999616 48.021656 0.000000 0.000000 0.000000 1.000000
0.999646 -0.013695 0.022805 2.000699 0.013319 0.999774 0.016557 50.549171 -0.023026 -0.016248 0.999603 50.018616 0.000000 0.000000 0.000000 1.000000
0.999303 -0.008724 0.036286 2.007847 0.008669 0.999961 0.001656 50.459579 -0.036299 -0.001341 0.999340 52.170002 0.000000 0.000000 0.000000 1.000000
0.998810 -0.002968 0.048673 1.994924 0.003815 0.999843 -0.017321 50.486824 -0.048614 0.017486 0.998665 54.417717 0.000000 0.000000 0.000000 1.000000
0.998176 0.003602 0.060262 1.949862 -0.001278 0.999255 -0.038573 50.452450 -0.060356 0.038426 0.997437 56.703072 0.000000 0.000000 0.000000 1.000000
0.997500 0.010605 0.069866 1.863850 -0.006467 0.998226 -0.059192 50.321537 -0.070370 0.058592 0.995799 59.000050 0.000000 0.000000 0.000000 1.000000
0.996940 0.019397 0.075725 1.721066 -0.013726 0.997112 -0.074698 50.132160 -0.076955 0.073430 0.994327 61.273769 0.000000 0.000000 0.000000 1.000000
0.996497 0.029201 0.078367 1.503659 -0.022885 0.996507 -0.080315 49.933659 -0.080439 0.078240 0.993684 63.511467 0.000000 0.000000 0.000000 1.000000
0.995989 0.041961 0.079026 1.218803 -0.035980 0.996485 -0.075648 49.754223 -0.081923 0.072501 0.993998 65.642319 0.000000 0.000000 0.000000 1.000000
0.995180 0.057736 0.079266 0.917818 -0.052592 0.996464 -0.065523 49.517212 -0.082769 0.061038 0.994698 67.585358 0.000000 0.000000 0.000000 1.000000
0.994274 0.071228 0.079665 0.649315 -0.066904 0.996204 -0.055695 49.398861 -0.083329 0.050047 0.995265 69.414871 0.000000 0.000000 0.000000 1.000000
0.993892 0.077628 0.078436 0.421539 -0.073990 0.996090 -0.048272 49.495514 -0.081877 0.042174 0.995750 71.175957 0.000000 0.000000 0.000000 1.000000
0.994517 0.076059 0.071764 0.222203 -0.073203 0.996448 -0.041630 49.775925 -0.074676 0.036148 0.996552 72.877289 0.000000 0.000000 0.000000 1.000000
0.996064 0.067788 0.057109 0.041230 -0.065930 0.997251 -0.033822 50.148861 -0.059245 0.029923 0.997795 74.522720 0.000000 0.000000 0.000000 1.000000
0.997871 0.053648 0.037097 -0.128453 -0.052733 0.998290 -0.025227 50.534565 -0.038387 0.023217 0.998993 76.130379 0.000000 0.000000 0.000000 1.000000
0.999224 0.035268 0.017528 -0.286585 -0.034957 0.999232 -0.017696 50.883400 -0.018138 0.017070 0.999690 77.712189 0.000000 0.000000 0.000000 1.000000
0.999875 0.015594 0.002483 -0.425109 -0.015562 0.999802 -0.012425 51.161755 -0.002676 0.012385 0.999920 79.266861 0.000000 0.000000 0.000000 1.000000</float_array><technique_common><accessor source="#mixamorig_Hips-Matrix-animation-output-transform-array" count="43" stride="16"><param type="float4x4"/></accessor></technique_common></source><source id="mixamorig_Hips-Interpolations"><Name_array id="mixamorig_Hips-Interpolations-array" count="43">
 LINEAR LINEAR LINEAR LINEAR LINEAR LINEAR LINEAR LINEAR LINEAR LINEAR LINEAR
LINEAR LINEAR LINEAR LINEAR LINEAR LINEAR LINEAR LINEAR LINEAR LINEAR LINEAR LINEAR
LINEAR LINEAR LINEAR LINEAR LINEAR LINEAR LINEAR LINEAR LINEAR LINEAR LINEAR LINEAR
LINEAR LINEAR LINEAR LINEAR LINEAR LINEAR LINEAR LINEAR</Name_array><technique_common><accessor source="#mixamorig_Hips-Interpolations-array" count="43"><param type="name"/></accessor></technique_common></source><sampler id="mixamorig_Hips-Matrix-animation-transform"><input semantic="INPUT" source="#mixamorig_Hips-Matrix-animation-input"/><input semantic="OUTPUT" source="#mixamorig_Hips-Matrix-animation-output-transform"/><input semantic="INTERPOLATION" source="#mixamorig_Hips-Interpolations"/></sampler><channel source="#mixamorig_Hips-Matrix-animation-transform" target="mixamorig_Hips/matrix"/></animation>
    <animation id="mixamorig_Spine-anim" name="mixamorig_Spine"><source id="mixamorig_Spine-Matrix-animation-input"><float_array id="mixamorig_Spine-Matrix-animation-input-array" count="43">

0.000000 0.033333 0.066667 0.100000 0.133333 0.166667 0.200000 0.233333 0.266667 0.300000 0.333333 0.366667 0.400000 0.433333 0.466667 0.500000
0.533333 0.566667 0.600000 0.633333 0.666667 0.700000 0.733333 0.766667 0.800000 0.833333 0.866667 0.900000 0.933333 0.966667 1.000000 1.033333
1.066667 1.100000 1.133333 1.166667 1.200000 1.233333 1.266667 1.300000 1.333333 1.366667 1.400000</float_array><technique_common><accessor source="#mixamorig_Spine-Matrix-animation-input-array" count="43"><param name="TIME" type="float"/></accessor></technique_common></source><source id="mixamorig_Spine-Matrix-animation-output-transform"><float_array id="mixamorig_Spine-Matrix-animation-output-transform-array" count="688">

0.999567 -0.007229 0.028528 -0.000000 0.009172 0.997604 -0.068576 5.549500 -0.027963 0.068808 0.997238 0.149900 0.000000 0.000000 0.000000 1.000000
0.999395 -0.005396 0.034372 0.000000 0.007775 0.997555 -0.069454 5.549500 -0.033913 0.069679 0.996993 0.149900 0.000000 0.000000 0.000000 1.000000
0.999157 -0.008247 0.040219 0.000000 0.011006 0.997564 -0.068883 5.549500 -0.039553 0.069268 0.996814 0.149900 0.000000 0.000000 0.000000 1.000000
0.998853 -0.012763 0.046146 0.000000 0.015819 0.997662 -0.066488 5.549500 -0.045190 0.067141 0.996720 0.149900 0.000000 0.000000 0.000000 1.000000
0.998479 -0.017555 0.052270 -0.000000 0.020800 0.997846 -0.062207 5.549500 -0.051065 0.063200 0.996694 0.149900 0.000000 0.000000 0.000000 1.000000
0.998013 -0.023215 0.058571 -0.000000 0.026531 0.998051 -0.056481 5.549500 -0.057146 0.057922 0.996684 0.149900 0.000000 0.000000 0.000000 1.000000
0.997558 -0.029165 0.063460 -0.000000 0.032450 0.998152 -0.051369 5.549500 -0.061845 0.053303 0.996661 0.149900 0.000000 0.000000 0.000000 1.000000
0.997326 -0.031720 0.065839 0.000000 0.034963 0.998201 -0.048712 5.549500 -0.064176 0.050884 0.996640 0.149900 0.000000 0.000000 0.000000 1.000000
0.997448 -0.028737 0.065355 0.000000 0.031932 0.998318 -0.048385 5.549500 -0.063855 0.050348 0.996688 0.149900 0.000000 0.000000 0.000000 1.000000
0.997848 -0.020159 0.062400 0.000000 0.023252 0.998516 -0.049254 5.549500 -0.061314 0.050599 0.996835 0.149900 0.000000 0.000000 0.000000 1.000000
0.998311 -0.007397 0.057621 0.000000 0.010339 0.998649 -0.050920 5.549500 -0.057166 0.051430 0.997039 0.149900 0.000000 0.000000 0.000000 1.000000
0.998599 0.007434 0.052391 0.000000 -0.004631 0.998561 -0.053421 5.549500 -0.052713 0.053103 0.997197 0.149900 0.000000 0.000000 0.000000 1.000000
0.998592 0.023993 0.047308 0.000000 -0.021291 0.998158 -0.056818 5.549500 -0.048584 0.055731 0.997263 0.149900 0.000000 0.000000 0.000000 1.000000
0.998302 0.039849 0.042479 0.000000 -0.037279 0.997522 -0.059667 5.549500 -0.044751 0.057982 0.997314 0.149900 0.000000 0.000000 0.000000 1.000000
0.997916 0.052338 0.037727 0.000000 -0.049969 0.996872 -0.061235 5.549500 -0.040814 0.059222 0.997410 0.149900 0.000000 0.000000 0.000000 1.000000
0.997906 0.056654 0.031193 0.000000 -0.054623 0.996549 -0.062495 5.549500 -0.034626 0.060660 0.997558 0.149900 0.000000 0.000000 0.000000 1.000000
0.998361 0.052711 0.022293 0.000000 -0.051168 0.996579 -0.064896 5.549500 -0.025637 0.063648 0.997643 0.149900 0.000000 0.000000 0.000000 1.000000
0.998988 0.043406 0.011775 0.000000 -0.042506 0.996771 -0.068129 5.549500 -0.014694 0.067560 0.997607 0.149900 0.000000 0.000000 0.000000 1.000000
0.999493 0.031833 0.000506 0.000000 -0.031717 0.996998 -0.070638 5.549500 -0.002753 0.070586 0.997502 0.149900 0.000000 0.000000 0.000000 1.000000
0.999736 0.020304 -0.010760 0.000000 -0.021026 0.997193 -0.071862 5.549500 0.009271 0.072069 0.997357 0.149900 0.000000 0.000000 0.000000 1.000000
0.999724 0.010701 -0.020905 0.000000 -0.012197 0.997271 -0.072817 5.549500 0.020069 0.073052 0.997126 0.149900 0.000000 0.000000 0.000000 1.000000
0.999574 0.004919 -0.028785 0.000000 -0.007052 0.997197 -0.074487 5.549500 0.028338 0.074659 0.996806 0.149900 0.000000 0.000000 0.000000 1.000000
0.999403 0.003551 -0.034366 0.000000 -0.006174 0.997049 -0.076515 5.549500 0.033992 0.076682 0.996476 0.149900 0.000000 0.000000 0.000000 1.000000
0.999244 0.003561 -0.038708 0.000000 -0.006567 0.996947 -0.077801 5.549500 0.038313 0.077996 0.996217 0.149900 0.000000 0.000000 0.000000 1.000000
0.999046 0.004469 -0.043442 0.000000 -0.007842 0.996939 -0.077785 5.549500 0.042961 0.078052 0.996023 0.149900 0.000000 0.000000 0.000000 1.000000
0.998767 0.005892 -0.049286 0.000000 -0.009661 0.997015 -0.076605 5.549500 0.048688 0.076987 0.995843 0.149900 0.000000 0.000000 0.000000 1.000000
0.998571 0.007299 -0.052940 0.000000 -0.011227 0.997174 -0.074287 5.549500 0.052248 0.074775 0.995831 0.149900 0.000000 0.000000 0.000000 1.000000
0.998384 0.009328 -0.056055 0.000000 -0.013287 0.997411 -0.070668 5.549500 0.055251 0.071299 0.995924 0.149900 0.000000 0.000000 0.000000 1.000000
0.998272 0.010389 -0.057835 0.000000 -0.014230 0.997691 -0.066403 5.549500 0.057012 0.067111 0.996115 0.149900 0.000000 0.000000 0.000000 1.000000
0.998307 0.008211 -0.057579 0.000000 -0.011804 0.997986 -0.062331 5.549500 0.056951 0.062905 0.996393 0.149900 0.000000 0.000000 0.000000 1.000000
0.998410 0.003126 -0.056278 0.000000 -0.006441 0.998248 -0.058809 5.549500 0.055996 0.059078 0.996682 0.149900 0.000000 0.000000 0.000000 1.000000
0.998531 -0.003298 -0.054079 0.000000 0.000280 0.998446 -0.055731 5.549500 0.054179 0.055634 0.996980 0.149900 0.000000 0.000000 0.000000 1.000000
0.998660 -0.012433 -0.050226 0.000000 0.009736 0.998515 -0.053593 5.549500 0.050818 0.053033 0.997299 0.149900 0.000000 0.000000 0.000000 1.000000
0.998788 -0.022972 -0.043518 -0.000000 0.020679 0.998410 -0.052438 5.549500 0.044654 0.051475 0.997675 0.149900 0.000000 0.000000 0.000000 1.000000
0.998833 -0.033205 -0.035058 0.000000 0.031325 0.998110 -0.052862 5.549500 0.036747 0.051702 0.997986 0.149900 0.000000 0.000000 0.000000 1.000000
0.998731 -0.042442 -0.027114 -0.000000 0.040916 0.997673 -0.054533 5.549500 0.029365 0.053355 0.998144 0.149900 0.000000 0.000000 0.000000 1.000000
0.998644 -0.047858 -0.020485 0.000000 0.046631 0.997302 -0.056700 5.549500 0.023143 0.055668 0.998181 0.149900 0.000000 0.000000 0.000000 1.000000
0.998789 -0.047153 -0.014035 0.000000 0.046251 0.997197 -0.058811 5.549500 0.016769 0.058091 0.998170 0.149900 0.000000 0.000000 0.000000 1.000000
0.999134 -0.041146 -0.006166 0.000000 0.040696 0.997319 -0.060818 5.549500 0.008652 0.060515 0.998130 0.149900 0.000000 0.000000 0.000000 1.000000
0.999465 -0.032522 0.003427 0.000000 0.032673 0.997489 -0.062835 5.549500 -0.001375 0.062913 0.998018 0.149900 0.000000 0.000000 0.000000 1.000000
0.999647 -0.022965 0.013326 0.000000 0.023783 0.997610 -0.064872 5.549500 -0.011804 0.065166 0.997805 0.149900 0.000000 0.000000 0.000000 1.000000
0.999667 -0.013762 0.021816 0.000000 0.015193 0.997646 -0.066869 5.549500 -0.020845 0.067178 0.997523 0.149900 0.000000 0.000000 0.000000 1.000000
0.999567 -0.007229 0.028528 0.000000 0.009172 0.997604 -0.068576 5.549500 -0.027963 0.068808 0.997238 0.149900 0.000000 0.000000 0.000000 1.000000</float_array><technique_common><accessor source="#mixamorig_Spine-Matrix-animation-output-transform-array" count="43" stride="16"><param type="float4x4"/></accessor></technique_common></source><source id="mixamorig_Spine-Interpolations"><Name_array id="mixamorig_Spine-Interpolations-array" count="43">
 LINEAR LINEAR LINEAR LINEAR LINEAR LINEAR LINEAR LINEAR LINEAR LINEAR LINEAR
LINEAR LINEAR LINEAR LINEAR LINEAR LINEAR LINEAR LINEAR LINEAR LINEAR LINEAR LINEAR
LINEAR LINEAR LINEAR LINEAR LINEAR LINEAR LINEAR LINEAR LINEAR LINEAR LINEAR LINEAR
LINEAR LINEAR LINEAR LINEAR LINEAR LINEAR LINEAR LINEAR</Name_array><technique_common><accessor source="#mixamorig_Spine-Interpolations-array" count="43"><param type="name"/></accessor></technique_common></source><sampler id="mixamorig_Spine-Matrix-animation-transform"><input semantic="INPUT" source="#mixamorig_Spine-Matrix-animation-input"/><input semantic="OUTPUT" source="#mixamorig_Spine-Matrix-animation-output-transform"/><input semantic="INTERPOLATION" source="#mixamorig_Spine-Interpolations"/></sampler><channel source="#mixamorig_Spine-Matrix-animation-transform" target="mixamorig_Spine/matrix"/></animation>
    <animation id="mixamorig_Spine1-anim" name="mixamorig_Spine1"><source id="mixamorig_Spine1-Matrix-animation-input"><float_array id="mixamorig_Spine1-Matrix-animation-input-array" count="43">

0.000000 0.033333 0.066667 0.100000 0.133333 0.166667 0.200000 0.233333 0.266667 0.300000 0.333333 0.366667 0.400000 0.433333 0.466667 0.500000
0.533333 0.566667 0.600000 0.633333 0.666667 0.700000 0.733333 0.766667 0.800000 0.833333 0.866667 0.900000 0.933333 0.966667 1.000000 1.033333
1.066667 1.100000 1.133333 1.166667 1.200000 1.233333 1.266667 1.300000 1.333333 1.366667 1.400000</float_array><technique_common><accessor source="#mixamorig_Spine1-Matrix-animation-input-array" count="43"><param name="TIME" type="float"/></accessor></technique_common></source><source id="mixamorig_Spine1-Matrix-animation-output-transform"><float_array id="mixamorig_Spine1-Matrix-animation-output-transform-array" count="688">

0.998370 0.020957 0.053081 0.000000 -0.016698 0.996699 -0.079449 6.476700 -0.054570 0.078434 0.995425 -0.000000 0.000000 0.000000 0.000000 1.000000
0.997083 0.033072 0.068794 0.000000 -0.027353 0.996219 -0.082463 6.476700 -0.071261 0.080341 0.994217 0.000000 0.000000 0.000000 0.000000 1.000000
0.995875 0.040516 0.081184 0.000000 -0.033700 0.995927 -0.083634 6.476700 -0.084242 0.080553 0.993184 0.000000 0.000000 0.000000 0.000000 1.000000
0.994826 0.044809 0.091177 0.000000 -0.037350 0.995938 -0.081929 6.476700 -0.094477 0.078100 0.992459 -0.000000 0.000000 0.000000 0.000000 1.000000
0.993960 0.047158 0.099095 -0.000000 -0.039589 0.996244 -0.077008 6.476700 -0.102354 0.072620 0.992094 0.000000 0.000000 0.000000 0.000000 1.000000
0.993347 0.047298 0.104998 0.000000 -0.040072 0.996749 -0.069899 6.476700 -0.107963 0.065227 0.992013 0.000000 0.000000 0.000000 0.000000 1.000000
0.992962 0.045580 0.109315 0.000000 -0.038768 0.997219 -0.063652 6.476700 -0.111912 0.058966 0.991967 -0.000000 0.000000 0.000000 0.000000 1.000000
0.992637 0.043749 0.112949 -0.000000 -0.037075 0.997478 -0.060527 6.476700 -0.115312 0.055893 0.991756 -0.000000 0.000000 0.000000 0.000000 1.000000
0.992212 0.044279 0.116422 -0.000000 -0.037504 0.997509 -0.059750 6.476700 -0.118778 0.054918 0.991401 0.000000 0.000000 0.000000 0.000000 1.000000
0.991742 0.049169 0.118453 0.000000 -0.042334 0.997328 -0.059542 6.476700 -0.121064 0.054036 0.991173 -0.000000 0.000000 0.000000 0.000000 1.000000
0.991409 0.058926 0.116771 -0.000000 -0.052202 0.996843 -0.059826 6.476700 -0.119927 0.053216 0.991355 0.000000 0.000000 0.000000 0.000000 1.000000
0.991180 0.071956 0.111288 0.000000 -0.065388 0.995957 -0.061589 6.476700 -0.115270 0.053769 0.991878 0.000000 0.000000 0.000000 0.000000 1.000000
0.990798 0.085307 0.105081 0.000000 -0.078761 0.994775 -0.064951 6.476700 -0.110073 0.056077 0.992340 0.000000 0.000000 0.000000 0.000000 1.000000
0.990364 0.094896 0.100867 0.000000 -0.088331 0.993789 -0.067681 6.476700 -0.106663 0.058119 0.992595 0.000000 0.000000 0.000000 0.000000 1.000000
0.990489 0.097336 0.097253 0.000000 -0.090877 0.993484 -0.068780 6.476700 -0.103314 0.059288 0.992880 0.000000 0.000000 0.000000 0.000000 1.000000
0.991773 0.091420 0.089601 0.000000 -0.085259 0.993873 -0.070335 6.476700 -0.095482 0.062117 0.993491 0.000000 0.000000 0.000000 0.000000 1.000000
0.994121 0.078520 0.074551 0.000000 -0.072949 0.994532 -0.074730 6.476700 -0.080012 0.068852 0.994413 0.000000 0.000000 0.000000 0.000000 1.000000
0.996754 0.061435 0.052023 0.000000 -0.057112 0.995088 -0.080864 6.476700 -0.056735 0.077630 0.995367 -0.000000 0.000000 0.000000 0.000000 1.000000
0.998793 0.042771 0.024139 0.000000 -0.040567 0.995523 -0.085375 6.476700 -0.027682 0.084293 0.996056 0.000000 0.000000 0.000000 0.000000 1.000000
0.999688 0.024299 -0.005782 0.000000 -0.024710 0.995893 -0.087105 6.476700 0.003642 0.087220 0.996182 0.000000 0.000000 0.000000 0.000000 1.000000
0.999402 0.007587 -0.033736 0.000000 -0.010543 0.996038 -0.088301 6.476700 0.032932 0.088604 0.995522 0.000000 0.000000 0.000000 0.000000 1.000000
0.998401 -0.005627 -0.056242 0.000000 0.000466 0.995819 -0.091352 6.476700 0.056521 0.091180 0.994229 -0.000000 0.000000 0.000000 0.000000 1.000000
0.997285 -0.014477 -0.072200 0.000000 0.007503 0.995357 -0.095957 6.476700 0.073254 0.095154 0.992764 0.000000 0.000000 0.000000 0.000000 1.000000
0.996308 -0.020054 -0.083470 0.000000 0.011642 0.994912 -0.100070 6.476700 0.085052 0.098728 0.991473 -0.000000 0.000000 0.000000 0.000000 1.000000
0.995304 -0.024692 -0.093599 0.000000 0.015042 0.994627 -0.102427 6.476700 0.095625 0.100538 0.990327 0.000000 0.000000 0.000000 0.000000 1.000000
0.994072 -0.029721 -0.104581 0.000000 0.018885 0.994490 -0.103121 6.476700 0.107069 0.100535 0.989156 -0.000000 0.000000 0.000000 0.000000 1.000000
0.993143 -0.034713 -0.111632 -0.000000 0.023312 0.994526 -0.101861 6.476700 0.114556 0.098560 0.988515 0.000000 0.000000 0.000000 0.000000 1.000000
0.992338 -0.039595 -0.117033 0.000000 0.028158 0.994807 -0.097803 6.476700 0.120298 0.093758 0.988300 0.000000 0.000000 0.000000 0.000000 1.000000
0.991628 -0.044896 -0.121068 -0.000000 0.033924 0.995253 -0.091214 6.476700 0.124588 0.086343 0.988445 0.000000 0.000000 0.000000 0.000000 1.000000
0.991167 -0.050615 -0.122583 -0.000000 0.040611 0.995740 -0.082779 6.476700 0.126251 0.077069 0.989000 0.000000 0.000000 0.000000 0.000000 1.000000
0.990862 -0.056317 -0.122558 -0.000000 0.047438 0.996114 -0.074205 6.476700 0.126260 0.067713 0.989683 0.000000 0.000000 0.000000 0.000000 1.000000
0.990707 -0.062056 -0.121034 0.000000 0.054344 0.996338 -0.066014 6.476700 0.124687 0.058823 0.990451 -0.000000 0.000000 0.000000 0.000000 1.000000
0.990725 -0.068114 -0.117575 0.000000 0.061513 0.996367 -0.058896 6.476700 0.121160 0.051117 0.991316 0.000000 0.000000 0.000000 0.000000 1.000000
0.991269 -0.074163 -0.109022 0.000000 0.068599 0.996185 -0.053936 6.476700 0.112606 0.045986 0.992575 0.000000 0.000000 0.000000 0.000000 1.000000
0.992116 -0.078569 -0.097636 0.000000 0.073663 0.995880 -0.052889 6.476700 0.101389 0.045280 0.993816 -0.000000 0.000000 0.000000 0.000000 1.000000
0.993066 -0.078516 -0.087493 0.000000 0.073887 0.995752 -0.054948 6.476700 0.091435 0.048102 0.994649 0.000000 0.000000 0.000000 0.000000 1.000000
0.994282 -0.072859 -0.078072 0.000000 0.068402 0.995952 -0.058323 6.476700 0.082005 0.052649 0.995240 0.000000 0.000000 0.000000 0.000000 1.000000
0.995901 -0.062441 -0.065445 -0.000000 0.058412 0.996380 -0.061765 6.476700 0.069064 0.057689 0.995943 -0.000000 0.000000 0.000000 0.000000 1.000000
0.997746 -0.048692 -0.046167 0.000000 0.045636 0.996836 -0.065083 6.476700 0.049190 0.062830 0.996811 0.000000 0.000000 0.000000 0.000000 1.000000
0.999262 -0.032440 -0.020551 0.000000 0.030964 0.997175 -0.068441 6.476700 0.022713 0.067754 0.997443 0.000000 0.000000 0.000000 0.000000 1.000000
0.999871 -0.014245 0.007355 0.000000 0.014737 0.997299 -0.071954 6.476700 -0.006310 0.072053 0.997381 0.000000 0.000000 0.000000 0.000000 1.000000
0.999455 0.004422 0.032716 0.000000 -0.001933 0.997129 -0.075695 6.476700 -0.032957 0.075591 0.996594 0.000000 0.000000 0.000000 0.000000 1.000000
0.998370 0.020957 0.053081 0.000000 -0.016698 0.996699 -0.079449 6.476700 -0.054570 0.078434 0.995425 0.000000 0.000000 0.000000 0.000000 1.000000</float_array><technique_common><accessor source="#mixamorig_Spine1-Matrix-animation-output-transform-array" count="43" stride="16"><param type="float4x4"/></accessor></technique_common></source><source id="mixamorig_Spine1-Interpolations"><Name_array id="mixamorig_Spine1-Interpolations-array" count="43">
 LINEAR LINEAR LINEAR LINEAR LINEAR LINEAR LINEAR LINEAR LINEAR LINEAR LINEAR
LINEAR LINEAR LINEAR LINEAR LINEAR LINEAR LINEAR LINEAR LINEAR LINEAR LINEAR LINEAR
LINEAR LINEAR LINEAR LINEAR LINEAR LINEAR LINEAR LINEAR LINEAR LINEAR LINEAR LINEAR
LINEAR LINEAR LINEAR LINEAR LINEAR LINEAR LINEAR LINEAR</Name_array><technique_common><accessor source="#mixamorig_Spine1-Interpolations-array" count="43"><param type="name"/></accessor></technique_common></source><sampler id="mixamorig_Spine1-Matrix-animation-transform"><input semantic="INPUT" source="#mixamorig_Spine1-Matrix-animation-input"/><input semantic="OUTPUT" source="#mixamorig_Spine1-Matrix-animation-output-transform"/><input semantic="INTERPOLATION" source="#mixamorig_Spine1-Interpolations"/></sampler><channel source="#mixamorig_Spine1-Matrix-animation-transform" target="mixamorig_Spine1/matrix"/></animation>
    <animation id="mixamorig_Spine2-anim" name="mixamorig_Spine2"><source id="mixamorig_Spine2-Matrix-animation-input"><float_array id="mixamorig_Spine2-Matrix-animation-input-array" count="43">

0.000000 0.033333 0.066667 0.100000 0.133333 0.166667 0.200000 0.233333 0.266667 0.300000 0.333333 0.366667 0.400000 0.433333 0.466667 0.500000
0.533333 0.566667 0.600000 0.633333 0.666667 0.700000 0.733333 0.766667 0.800000 0.833333 0.866667 0.900000 0.933333 0.966667 1.000000 1.033333
1.066667 1.100000 1.133333 1.166667 1.200000 1.233333 1.266667 1.300000 1.333333 1.366667 1.400000</float_array><technique_common><accessor source="#mixamorig_Spine2-Matrix-animation-input-array" count="43"><param name="TIME" type="float"/></accessor></technique_common></source><source id="mixamorig_Spine2-Matrix-animation-output-transform"><float_array id="mixamorig_Spine2-Matrix-animation-output-transform-array" count="688">

0.998376 0.020575 0.053122 -0.000000 -0.016311 0.996702 -0.079497 7.402000 -0.054583 0.078501 0.995419 0.000000 0.000000 0.000000 0.000000 1.000000
0.997081 0.032624 0.069023 0.000000 -0.026891 0.996235 -0.082414 7.402000 -0.071452 0.080318 0.994205 0.000000 0.000000 0.000000 0.000000 1.000000
0.995862 0.040087 0.081555 -0.000000 -0.033258 0.995958 -0.083438 7.402000 -0.084570 0.080381 0.993170 0.000000 0.000000 0.000000 0.000000 1.000000
0.994801 0.044475 0.091608 -0.000000 -0.037014 0.995979 -0.081585 7.402000 -0.094868 0.077770 0.992447 -0.000000 0.000000 0.000000 0.000000 1.000000
0.993927 0.047005 0.099494 0.000000 -0.039454 0.996285 -0.076541 7.402000 -0.102722 0.072151 0.992090 0.000000 0.000000 0.000000 0.000000 1.000000
0.993309 0.047448 0.105291 0.000000 -0.040266 0.996781 -0.069324 7.402000 -0.108241 0.064621 0.992022 0.000000 0.000000 0.000000 0.000000 1.000000
0.992921 0.046071 0.109481 0.000000 -0.039325 0.997238 -0.063006 7.402000 -0.112082 0.058255 0.991990 0.000000 0.000000 0.000000 0.000000 1.000000
0.992596 0.044456 0.113031 0.000000 -0.037857 0.997488 -0.059866 7.402000 -0.115409 0.055143 0.991786 0.000000 0.000000 0.000000 0.000000 1.000000
0.992174 0.044995 0.116476 0.000000 -0.038297 0.997516 -0.059118 7.402000 -0.118847 0.054195 0.991432 0.000000 0.000000 0.000000 0.000000 1.000000
0.991708 0.049699 0.118516 0.000000 -0.042933 0.997336 -0.058973 7.402000 -0.121132 0.053396 0.991199 -0.000000 0.000000 0.000000 0.000000 1.000000
0.991382 0.059161 0.116881 0.000000 -0.052490 0.996856 -0.059349 7.402000 -0.120024 0.052703 0.991371 -0.000000 0.000000 0.000000 0.000000 1.000000
0.991159 0.071923 0.111493 0.000000 -0.065387 0.995981 -0.061213 7.402000 -0.115447 0.053381 0.991878 0.000000 0.000000 0.000000 0.000000 1.000000
0.990783 0.085051 0.105428 0.000000 -0.078513 0.994812 -0.064689 7.402000 -0.110383 0.055816 0.992321 0.000000 0.000000 0.000000 0.000000 1.000000
0.990354 0.094484 0.101348 0.000000 -0.087907 0.993838 -0.067519 7.402000 -0.107103 0.057959 0.992557 0.000000 0.000000 0.000000 0.000000 1.000000
0.990481 0.096863 0.097803 -0.000000 -0.090381 0.993537 -0.068665 7.402000 -0.103822 0.059172 0.992834 0.000000 0.000000 0.000000 0.000000 1.000000
0.991765 0.090981 0.090138 -0.000000 -0.084796 0.993921 -0.070225 7.402000 -0.095980 0.062003 0.993450 0.000000 0.000000 0.000000 0.000000 1.000000
0.994112 0.078174 0.075033 0.000000 -0.072578 0.994567 -0.074621 7.402000 -0.080459 0.068736 0.994385 0.000000 0.000000 0.000000 0.000000 1.000000
0.996746 0.061205 0.052450 0.000000 -0.056854 0.995110 -0.080774 7.402000 -0.057137 0.077529 0.995351 -0.000000 0.000000 0.000000 0.000000 1.000000
0.998788 0.042668 0.024525 0.000000 -0.040434 0.995532 -0.085329 7.402000 -0.028056 0.084234 0.996051 0.000000 0.000000 0.000000 0.000000 1.000000
0.999689 0.024351 -0.005453 0.000000 -0.024733 0.995891 -0.087117 7.402000 0.003309 0.087225 0.996183 -0.000000 0.000000 0.000000 0.000000 1.000000
0.999408 0.007815 -0.033509 0.000000 -0.010751 0.996031 -0.088358 7.402000 0.032685 0.088666 0.995525 -0.000000 0.000000 0.000000 0.000000 1.000000
0.998408 -0.005238 -0.056160 0.000000 0.000083 0.995814 -0.091402 7.402000 0.056404 0.091252 0.994229 -0.000000 0.000000 0.000000 0.000000 1.000000
0.997286 -0.013998 -0.072280 0.000000 0.007018 0.995363 -0.095935 7.402000 0.073288 0.095167 0.992760 0.000000 0.000000 0.000000 0.000000 1.000000
0.996298 -0.019586 -0.083705 0.000000 0.011164 0.994932 -0.099929 7.402000 0.085237 0.098625 0.991467 -0.000000 0.000000 0.000000 0.000000 1.000000
0.995280 -0.024309 -0.093948 -0.000000 0.014651 0.994660 -0.102161 7.402000 0.095930 0.100302 0.990322 -0.000000 0.000000 0.000000 0.000000 1.000000
0.994038 -0.029499 -0.104965 0.000000 0.018665 0.994533 -0.102742 7.402000 0.107422 0.100170 0.989154 -0.000000 0.000000 0.000000 0.000000 1.000000
0.993110 -0.034730 -0.111925 0.000000 0.023356 0.994574 -0.101375 7.402000 0.114839 0.098062 0.988532 0.000000 0.000000 0.000000 0.000000 1.000000
0.992305 -0.039844 -0.117228 0.000000 0.028461 0.994856 -0.097219 7.402000 0.120499 0.093134 0.988335 0.000000 0.000000 0.000000 0.000000 1.000000
0.991596 -0.045276 -0.121193 0.000000 0.034376 0.995297 -0.090569 7.402000 0.124723 0.085642 0.988489 0.000000 0.000000 0.000000 0.000000 1.000000
0.991133 -0.050930 -0.122722 0.000000 0.040997 0.995776 -0.082149 7.402000 0.126387 0.076389 0.989035 0.000000 0.000000 0.000000 0.000000 1.000000
0.990831 -0.056472 -0.122743 0.000000 0.047653 0.996146 -0.073635 7.402000 0.126428 0.067110 0.989703 0.000000 0.000000 0.000000 0.000000 1.000000
0.990679 -0.062016 -0.121278 0.000000 0.054351 0.996370 -0.065525 7.402000 0.124901 0.058322 0.990454 0.000000 0.000000 0.000000 0.000000 1.000000
0.990706 -0.067832 -0.117898 0.000000 0.061257 0.996405 -0.058523 7.402000 0.121444 0.050757 0.991300 0.000000 0.000000 0.000000 0.000000 1.000000
0.991258 -0.073719 -0.109424 0.000000 0.068164 0.996229 -0.053676 7.402000 0.112969 0.045748 0.992545 -0.000000 0.000000 0.000000 0.000000 1.000000
0.992109 -0.078087 -0.098096 0.000000 0.073175 0.995925 -0.052717 7.402000 0.101813 0.045123 0.993780 -0.000000 0.000000 0.000000 0.000000 1.000000
0.993060 -0.078061 -0.087966 0.000000 0.073419 0.995793 -0.054832 7.402000 0.091876 0.047993 0.994613 0.000000 0.000000 0.000000 0.000000 1.000000
0.994276 -0.072455 -0.078526 0.000000 0.067981 0.995986 -0.058226 7.402000 0.082429 0.052554 0.995210 -0.000000 0.000000 0.000000 0.000000 1.000000
0.995894 -0.062098 -0.065875 0.000000 0.058050 0.996407 -0.061671 7.402000 0.069468 0.057594 0.995920 -0.000000 0.000000 0.000000 0.000000 1.000000
0.997740 -0.048436 -0.046578 -0.000000 0.045359 0.996854 -0.064998 7.402000 0.049580 0.062739 0.996798 -0.000000 0.000000 0.000000 0.000000 1.000000
0.999258 -0.032318 -0.020929 -0.000000 0.030819 0.997182 -0.068394 7.402000 0.023081 0.067698 0.997439 0.000000 0.000000 0.000000 0.000000 1.000000
0.999873 -0.014299 0.007059 0.000000 0.014771 0.997297 -0.071972 7.402000 -0.006011 0.072067 0.997382 -0.000000 0.000000 0.000000 0.000000 1.000000
0.999461 0.004184 0.032567 0.000000 -0.001706 0.997125 -0.075760 7.402000 -0.032790 0.075664 0.996594 0.000000 0.000000 0.000000 0.000000 1.000000
0.998376 0.020575 0.053122 0.000000 -0.016311 0.996702 -0.079497 7.402000 -0.054583 0.078501 0.995419 0.000000 0.000000 0.000000 0.000000 1.000000</float_array><technique_common><accessor source="#mixamorig_Spine2-Matrix-animation-output-transform-array" count="43" stride="16"><param type="float4x4"/></accessor></technique_common></source><source id="mixamorig_Spine2-Interpolations"><Name_array id="mixamorig_Spine2-Interpolations-array" count="43">
 LINEAR LINEAR LINEAR LINEAR LINEAR LINEAR LINEAR LINEAR LINEAR LINEAR LINEAR
LINEAR LINEAR LINEAR LINEAR LINEAR LINEAR LINEAR LINEAR LINEAR LINEAR LINEAR LINEAR
LINEAR LINEAR LINEAR LINEAR LINEAR LINEAR LINEAR LINEAR LINEAR LINEAR LINEAR LINEAR
LINEAR LINEAR LINEAR LINEAR LINEAR LINEAR LINEAR LINEAR</Name_array><technique_common><accessor source="#mixamorig_Spine2-Interpolations-array" count="43"><param type="name"/></accessor></technique_common></source><sampler id="mixamorig_Spine2-Matrix-animation-transform"><input semantic="INPUT" source="#mixamorig_Spine2-Matrix-animation-input"/><input semantic="OUTPUT" source="#mixamorig_Spine2-Matrix-animation-output-transform"/><input semantic="INTERPOLATION" source="#mixamorig_Spine2-Interpolations"/></sampler><channel source="#mixamorig_Spine2-Matrix-animation-transform" target="mixamorig_Spine2/matrix"/></animation>
    <animation id="mixamorig_Neck-anim" name="mixamorig_Neck"><source id="mixamorig_Neck-Matrix-animation-input"><float_array id="mixamorig_Neck-Matrix-animation-input-array" count="43">

0.000000 0.033333 0.066667 0.100000 0.133333 0.166667 0.200000 0.233333 0.266667 0.300000 0.333333 0.366667 0.400000 0.433333 0.466667 0.500000
0.533333 0.566667 0.600000 0.633333 0.666667 0.700000 0.733333 0.766667 0.800000 0.833333 0.866667 0.900000 0.933333 0.966667 1.000000 1.033333
1.066667 1.100000 1.133333 1.166667 1.200000 1.233333 1.266667 1.300000 1.333333 1.366667 1.400000</float_array><technique_common><accessor source="#mixamorig_Neck-Matrix-animation-input-array" count="43"><param name="TIME" type="float"/></accessor></technique_common></source><source id="mixamorig_Neck-Matrix-animation-output-transform"><float_array id="mixamorig_Neck-Matrix-animation-output-transform-array" count="688">

0.999644 -0.010596 -0.024495 -0.000000 0.013781 0.990918 0.133757 8.327200 0.022856 -0.134047 0.990711 -0.000000 0.000000 0.000000 0.000000 1.000000
0.999642 -0.004969 -0.026290 -0.000000 0.008465 0.990865 0.134591 8.327200 0.025381 -0.134765 0.990552 0.000000 0.000000 0.000000 0.000000 1.000000
0.999630 -0.000219 -0.027186 0.000000 0.003947 0.990543 0.137148 8.327200 0.026899 -0.137204 0.990177 0.000000 0.000000 0.000000 0.000000 1.000000
0.999616 0.003544 -0.027471 0.000000 0.000356 0.990055 0.140678 8.327200 0.027696 -0.140634 0.989674 -0.000000 0.000000 0.000000 0.000000 1.000000
0.999614 0.006274 -0.027079 0.000000 -0.002277 0.989400 0.145196 8.327200 0.027703 -0.145078 0.989032 0.000000 0.000000 0.000000 0.000000 1.000000
0.999630 0.008009 -0.026008 -0.000000 -0.004004 0.988593 0.150556 8.327200 0.026917 -0.150396 0.988259 0.000000 0.000000 0.000000 0.000000 1.000000
0.999665 0.008860 -0.024314 -0.000000 -0.004949 0.987674 0.156447 8.327200 0.025400 -0.156275 0.987387 0.000000 0.000000 0.000000 0.000000 1.000000
0.999715 0.008996 -0.022109 0.000000 -0.005287 0.986708 0.162420 8.327200 0.023276 -0.162257 0.986474 0.000000 0.000000 0.000000 0.000000 1.000000
0.999772 0.008616 -0.019532 0.000000 -0.005214 0.985783 0.167945 8.327200 0.020702 -0.167805 0.985603 0.000000 0.000000 0.000000 0.000000 1.000000
0.999829 0.007924 -0.016718 0.000000 -0.004922 0.984996 0.172508 8.327200 0.017834 -0.172396 0.984866 0.000000 0.000000 0.000000 0.000000 1.000000
0.999880 0.007098 -0.013762 0.000000 -0.004570 0.984432 0.175705 8.327200 0.014795 -0.175621 0.984347 0.000000 0.000000 0.000000 0.000000 1.000000
0.999923 0.006257 -0.010701 0.000000 -0.004260 0.984142 0.177330 8.327200 0.011641 -0.177270 0.984093 0.000000 0.000000 0.000000 0.000000 1.000000
0.999957 0.005432 -0.007510 0.000000 -0.004014 0.984128 0.177416 8.327200 0.008355 -0.177378 0.984107 0.000000 0.000000 0.000000 0.000000 1.000000
0.999981 0.004543 -0.004127 0.000000 -0.003745 0.984342 0.176230 8.327200 0.004863 -0.176211 0.984340 0.000000 0.000000 0.000000 0.000000 1.000000
0.999994 0.003394 -0.000482 0.000000 -0.003258 0.984702 0.174216 8.327200 0.001066 -0.174213 0.984707 0.000000 0.000000 0.000000 0.000000 1.000000
0.999993 0.001701 0.003461 0.000000 -0.002271 0.985110 0.171909 8.327200 -0.003117 -0.171915 0.985107 0.000000 0.000000 0.000000 0.000000 1.000000
0.999970 -0.000849 0.007692 0.000000 -0.000469 0.985472 0.169836 8.327200 -0.007724 -0.169835 0.985442 0.000000 0.000000 0.000000 0.000000 1.000000
0.999916 -0.004531 0.012143 -0.000000 0.002421 0.985711 0.168431 8.327200 -0.012733 -0.168387 0.985639 0.000000 0.000000 0.000000 0.000000 1.000000
0.999815 -0.009500 0.016702 -0.000000 0.006561 0.985772 0.167959 8.327200 -0.018060 -0.167818 0.985652 0.000000 0.000000 0.000000 0.000000 1.000000
0.999651 -0.015731 0.021224 0.000000 0.011933 0.985632 0.168486 8.327200 -0.023570 -0.168174 0.985476 -0.000000 0.000000 0.000000 0.000000 1.000000
0.999409 -0.022981 0.025555 0.000000 0.018313 0.985297 0.169868 8.327200 -0.029083 -0.169299 0.985135 0.000000 0.000000 0.000000 0.000000 1.000000
0.999089 -0.030789 0.029548 0.000000 0.025268 0.984810 0.171786 8.327200 -0.034388 -0.170883 0.984691 -0.000000 0.000000 0.000000 0.000000 1.000000
0.998711 -0.038509 0.033075 0.000000 0.032196 0.984253 0.173807 8.327200 -0.039248 -0.172518 0.984224 0.000000 0.000000 0.000000 0.000000 1.000000
0.998319 -0.045402 0.036034 0.000000 0.038406 0.983737 0.175461 8.327200 -0.043415 -0.173782 0.983827 -0.000000 0.000000 0.000000 0.000000 1.000000
0.997976 -0.050740 0.038342 0.000000 0.043224 0.983382 0.176328 8.327200 -0.046651 -0.174313 0.983585 0.000000 0.000000 0.000000 0.000000 1.000000
0.997746 -0.053931 0.039934 0.000000 0.046101 0.983292 0.176101 8.327200 -0.048764 -0.173863 0.983562 -0.000000 0.000000 0.000000 0.000000 1.000000
0.997675 -0.054612 0.040778 0.000000 0.046699 0.983523 0.174648 8.327200 -0.049644 -0.172338 0.983786 0.000000 0.000000 0.000000 0.000000 1.000000
0.997772 -0.052718 0.040880 0.000000 0.044946 0.984066 0.172029 8.327200 -0.049298 -0.169808 0.984243 0.000000 0.000000 0.000000 0.000000 1.000000
0.998010 -0.048493 0.040293 0.000000 0.041051 0.984848 0.168494 8.327200 -0.047854 -0.166504 0.984879 0.000000 0.000000 0.000000 0.000000 1.000000
0.998333 -0.042462 0.039105 0.000000 0.035486 0.985750 0.164433 8.327200 -0.045530 -0.162772 0.985613 -0.000000 0.000000 0.000000 0.000000 1.000000
0.998674 -0.035360 0.037405 0.000000 0.028929 0.986644 0.160303 8.327200 -0.042574 -0.159009 0.986359 0.000000 0.000000 0.000000 0.000000 1.000000
0.998986 -0.028025 0.035248 0.000000 0.022177 0.987425 0.156526 8.327200 -0.039191 -0.155586 0.987045 0.000000 0.000000 0.000000 0.000000 1.000000
0.999241 -0.021282 0.032617 0.000000 0.016036 0.988034 0.153403 8.327200 -0.035491 -0.152764 0.987625 0.000000 0.000000 0.000000 0.000000 1.000000
