<?xml version="1.0" encoding="utf-8"?>
<COLLADA xmlns="http://www.collada.org/2005/11/COLLADASchema" version="1.4.1">
  <asset><contributor><author>Mixamo</author><authoring_tool>COLLADA Mixamo exporter</authoring_tool><comments></comments></contributor><created>2020-03-12T16:25:58Z</created><modified>2020-03-12T16:25:58Z</modified><revision></revision><title></title><unit meter="0.304800"/><up_axis>Y_UP</up_axis></asset>
  <library_animations>
    <animation id="mixamorig_Hips-anim" name="mixamorig_Hips"><source id="mixamorig_Hips-Matrix-animation-input"><float_array id="mixamorig_Hips-Matrix-animation-input-array" count="32">

0.000000 0.033333 0.066667 0.100000 0.133333 0.166667 0.200000 0.233333 0.266667 0.300000 0.333333 0.366667 0.400000 0.433333 0.466667 0.500000
0.533333 0.566667 0.600000 0.633333 0.666667 0.700000 0.733333 0.766667 0.800000 0.833333 0.866667 0.900000 0.933333 0.966667 1.000000 1.033333</float_array><technique_common><accessor source="#mixamorig_Hips-Matrix-animation-input-array" count="32"><param name="TIME" type="float"/></accessor></technique_common></source><source id="mixamorig_Hips-Matrix-animation-output-transform"><float_array id="mixamorig_Hips-Matrix-animation-output-transform-array" count="512">

0.999409 -0.007872 0.033450 0.002187 0.009004 0.999387 -0.033817 51.600342 -0.033164 0.034098 0.998868 -0.005119 0.000000 0.000000 0.000000 1.000000
0.999631 -0.011263 0.024716 0.076699 0.012348 0.998945 -0.044231 51.851589 -0.024192 0.044519 0.998716 2.553408 0.000000 0.000000 0.000000 1.000000
0.999895 -0.004250 0.013869 0.194760 0.005014 0.998446 -0.055509 51.684898 -0.013611 0.055573 0.998362 5.138704 0.000000 0.000000 0.000000 1.000000
0.999765 0.020610 -0.006649 0.353419 -0.020990 0.997772 -0.063335 51.115852 0.005329 0.063460 0.997970 7.806353 0.000000 0.000000 0.000000 1.000000
0.998418 0.045104 -0.033573 0.500817 -0.047248 0.996696 -0.066071 50.254810 0.030482 0.067553 0.997250 10.618004 0.000000 0.000000 0.000000 1.000000
0.997116 0.054179 -0.053136 0.649134 -0.057788 0.995948 -0.068908 49.332863 0.049187 0.071780 0.996207 13.460692 0.000000 0.000000 0.000000 1.000000
0.996601 0.052170 -0.063751 0.823978 -0.056561 0.996003 -0.069136 48.619133 0.059890 0.072507 0.995568 16.266958 0.000000 0.000000 0.000000 1.000000
0.997448 0.039491 -0.059482 1.044156 -0.042647 0.997697 -0.052747 48.111771 0.057262 0.055149 0.996835 19.396767 0.000000 0.000000 0.000000 1.000000
0.998273 0.031852 -0.049361 1.371033 -0.033836 0.998630 -0.039913 47.821339 0.048022 0.041514 0.997983 22.876652 0.000000 0.000000 0.000000 1.000000
0.998903 0.026405 -0.038666 1.736848 -0.027509 0.999221 -0.028310 47.655701 0.037888 0.029343 0.998851 26.271976 0.000000 0.000000 0.000000 1.000000
0.999492 0.016635 -0.027200 2.039032 -0.017129 0.999691 -0.018023 47.628891 0.026891 0.018480 0.999468 29.240891 0.000000 0.000000 0.000000 1.000000
0.999849 0.007739 -0.015582 2.309843 -0.007880 0.999928 -0.009036 47.690872 0.015510 0.009157 0.999838 32.034870 0.000000 0.000000 0.000000 1.000000
0.999989 0.004293 -0.002009 2.555516 -0.004296 0.999990 -0.001354 48.182022 0.002003 0.001363 0.999997 34.864208 0.000000 0.000000 0.000000 1.000000
0.999920 0.002917 0.012290 2.662054 -0.002978 0.999983 0.005011 48.984493 -0.012276 -0.005047 0.999912 37.613148 0.000000 0.000000 0.000000 1.000000
0.999645 0.001748 0.026596 2.623332 -0.002016 0.999947 0.010051 49.841564 -0.026577 -0.010101 0.999596 40.265881 0.000000 0.000000 0.000000 1.000000
0.999167 0.001521 0.040780 2.482503 -0.002084 0.999903 0.013780 50.605633 -0.040755 -0.013853 0.999073 42.966961 0.000000 0.000000 0.000000 1.000000
0.998524 0.000605 0.054314 2.339978 -0.001357 0.999904 0.013814 51.187759 -0.054300 -0.013867 0.998428 45.686279 0.000000 0.000000 0.000000 1.000000
0.997785 -0.001973 0.066485 2.201192 0.001347 0.999954 0.009451 51.396446 -0.066501 -0.009340 0.997743 48.359119 0.000000 0.000000 0.000000 1.000000
0.996957 -0.007532 0.077589 2.037688 0.007583 0.999971 -0.000371 51.213131 -0.077584 0.000958 0.996985 51.048592 0.000000 0.000000 0.000000 1.000000
0.995135 -0.026734 0.094823 1.811818 0.028093 0.999521 -0.013020 50.749054 -0.094429 0.015621 0.995409 53.880688 0.000000 0.000000 0.000000 1.000000
0.992442 -0.044288 0.114442 1.579829 0.047640 0.998507 -0.026719 50.020569 -0.113088 0.031969 0.993071 56.832066 0.000000 0.000000 0.000000 1.000000
0.990497 -0.053473 0.126716 1.356856 0.059264 0.997342 -0.042380 49.204102 -0.124113 0.049486 0.991033 59.703194 0.000000 0.000000 0.000000 1.000000
0.990630 -0.048717 0.127588 1.087832 0.054853 0.997479 -0.045028 48.527927 -0.125073 0.051605 0.990805 62.635601 0.000000 0.000000 0.000000 1.000000
0.992782 -0.030708 0.115931 0.765356 0.034492 0.998931 -0.030777 48.125923 -0.114862 0.034554 0.992780 65.884583 0.000000 0.000000 0.000000 1.000000
0.994471 -0.018074 0.103442 0.420269 0.020908 0.999433 -0.026382 47.948650 -0.102906 0.028399 0.994286 69.177155 0.000000 0.000000 0.000000 1.000000
0.995702 -0.010066 0.092069 0.084791 0.012443 0.999603 -0.025280 47.872704 -0.091778 0.026317 0.995432 72.253258 0.000000 0.000000 0.000000 1.000000
0.996614 -0.001579 0.082206 -0.238938 0.003790 0.999635 -0.026745 47.962093 -0.082133 0.026966 0.996256 74.978844 0.000000 0.000000 0.000000 1.000000
0.997412 0.001584 0.071887 -0.490390 0.000556 0.999558 -0.029737 48.397987 -0.071902 0.029700 0.996969 77.500572 0.000000 0.000000 0.000000 1.000000
0.998131 -0.000791 0.061112 -0.560161 0.002821 0.999447 -0.033128 49.196815 -0.061052 0.033238 0.997581 80.019760 0.000000 0.000000 0.000000 1.000000
0.998683 -0.003459 0.051186 -0.426533 0.005293 0.999347 -0.035730 50.085541 -0.051029 0.035954 0.998050 82.517868 0.000000 0.000000 0.000000 1.000000
0.999100 -0.006291 0.041951 -0.205713 0.007819 0.999308 -0.036363 50.945557 -0.041693 0.036659 0.998458 84.931572 0.000000 0.000000 0.000000 1.000000
0.999409 -0.007872 0.033450 0.002186 0.009004 0.999387 -0.033817 51.600346 -0.033164 0.034098 0.998868 87.258354 0.000000 0.000000 0.000000 1.000000</float_array><technique_common><accessor source="#mixamorig_Hips-Matrix-animation-output-transform-array" count="32" stride="16"><param type="float4x4"/></accessor></technique_common></source><source id="mixamorig_Hips-Interpolations"><Name_array id="mixamorig_Hips-Interpolations-array" count="32">
 LINEAR LINEAR LINEAR LINEAR LINEAR LINEAR LINEAR LINEAR LINEAR LINEAR LINEAR
LINEAR LINEAR LINEAR LINEAR LINEAR LINEAR LINEAR LINEAR LINEAR LINEAR LINEAR LINEAR
LINEAR LINEAR LINEAR LINEAR LINEAR LINEAR LINEAR LINEAR LINEAR</Name_array><technique_common><accessor source="#mixamorig_Hips-Interpolations-array" count="32"><param type="name"/></accessor></technique_common></source><sampler id="mixamorig_Hips-Matrix-animation-transform"><input semantic="INPUT" source="#mixamorig_Hips-Matrix-animation-input"/><input semantic="OUTPUT" source="#mixamorig_Hips-Matrix-animation-output-transform"/><input semantic="INTERPOLATION" source="#mixamorig_Hips-Interpolations"/></sampler><channel source="#mixamorig_Hips-Matrix-animation-transform" target="mixamorig_Hips/matrix"/></animation>
    <animation id="mixamorig_Spine-anim" name="mixamorig_Spine"><source id="mixamorig_Spine-Matrix-animation-input"><float_array id="mixamorig_Spine-Matrix-animation-input-array" count="32">

0.000000 0.033333 0.066667 0.100000 0.133333 0.166667 0.200000 0.233333 0.266667 0.300000 0.333333 0.366667 0.400000 0.433333 0.466667 0.500000
0.533333 0.566667 0.600000 0.633333 0.666667 0.700000 0.733333 0.766667 0.800000 0.833333 0.866667 0.900000 0.933333 0.966667 1.000000 1.033333</float_array><technique_common><accessor source="#mixamorig_Spine-Matrix-animation-input-array" count="32"><param name="TIME" type="float"/></accessor></technique_common></source><source id="mixamorig_Spine-Matrix-animation-output-transform"><float_array id="mixamorig_Spine-Matrix-animation-output-transform-array" count="512">

0.999684 0.009221 -0.023392 0.000000 -0.012278 0.990889 -0.134117 5.549500 0.021942 0.134362 0.990689 0.149900 0.000000 0.000000 0.000000 1.000000
0.999872 0.014056 -0.007695 -0.000000 -0.014922 0.991735 -0.127436 5.549500 0.005840 0.127534 0.991817 0.149900 0.000000 0.000000 0.000000 1.000000
0.999943 0.002099 0.010441 0.000000 -0.000832 0.992786 -0.119895 5.549500 -0.010617 0.119880 0.992732 0.149900 0.000000 0.000000 0.000000 1.000000
0.998564 -0.036075 0.039601 0.000000 0.040251 0.993084 -0.110293 5.549500 -0.035348 0.111728 0.993110 0.149900 0.000000 0.000000 0.000000 1.000000
0.995716 -0.066710 0.064024 -0.000000 0.072810 0.992498 -0.098216 5.549500 -0.056992 0.102457 0.993103 0.149900 0.000000 0.000000 0.000000 1.000000
0.995079 -0.069944 0.070184 0.000000 0.076076 0.993133 -0.088877 5.549500 -0.063486 0.093779 0.993567 0.149900 0.000000 0.000000 0.000000 1.000000
0.995638 -0.056072 0.074578 -0.000000 0.062627 0.994090 -0.088675 5.549500 -0.069165 0.092959 0.993265 0.149900 0.000000 0.000000 0.000000 1.000000
0.996616 -0.028539 0.077084 -0.000000 0.035969 0.994655 -0.096788 5.549500 -0.073910 0.099233 0.992315 0.149900 0.000000 0.000000 0.000000 1.000000
0.997156 -0.008339 0.074904 0.000000 0.015025 0.995905 -0.089148 5.549500 -0.073853 0.090020 0.993198 0.149900 0.000000 0.000000 0.000000 1.000000
0.997552 0.012421 0.068813 -0.000000 -0.006405 0.996190 -0.086972 5.549500 -0.069631 0.086318 0.993831 0.149900 0.000000 0.000000 0.000000 1.000000
0.997401 0.025919 0.067223 0.000000 -0.019700 0.995603 -0.091582 5.549500 -0.069301 0.090020 0.993526 0.149900 0.000000 0.000000 0.000000 1.000000
0.998067 0.029417 0.054735 0.000000 -0.023994 0.994973 -0.097229 5.549500 -0.057320 0.095728 0.993756 0.149900 0.000000 0.000000 0.000000 1.000000
0.999548 0.021257 0.021270 -0.000000 -0.018948 0.994455 -0.103442 5.549500 -0.023351 0.102992 0.994408 0.149900 0.000000 0.000000 0.000000 1.000000
0.999859 0.010715 -0.012924 0.000000 -0.012075 0.993831 -0.110244 5.549500 0.011663 0.110385 0.993821 0.149900 0.000000 0.000000 0.000000 1.000000
0.999324 0.004576 -0.036489 -0.000000 -0.008748 0.993325 -0.115017 5.549500 0.035720 0.115258 0.992693 0.149900 0.000000 0.000000 0.000000 1.000000
0.998409 0.005414 -0.056124 -0.000000 -0.011814 0.993373 -0.114329 5.549500 0.055133 0.114810 0.991856 0.149900 0.000000 0.000000 0.000000 1.000000
0.997153 0.006406 -0.075131 0.000000 -0.014830 0.993584 -0.112116 5.549500 0.073931 0.112911 0.990851 0.149900 0.000000 0.000000 0.000000 1.000000
0.995815 0.008060 -0.091034 0.000000 -0.018469 0.993299 -0.114086 5.549500 0.089504 0.115290 0.989291 0.149900 0.000000 0.000000 0.000000 1.000000
0.994543 0.016168 -0.103071 0.000000 -0.027979 0.993064 -0.114198 5.549500 0.100510 0.116459 0.988097 0.149900 0.000000 0.000000 0.000000 1.000000
0.991602 0.046195 -0.120792 -0.000000 -0.059133 0.992625 -0.105823 5.549500 0.115013 0.112077 0.987021 0.149900 0.000000 0.000000 0.000000 1.000000
0.988625 0.070927 -0.132626 0.000000 -0.083481 0.992288 -0.091627 5.549500 0.125104 0.101657 0.986922 0.149900 0.000000 0.000000 0.000000 1.000000
0.988834 0.072964 -0.129938 0.000000 -0.084001 0.993121 -0.081580 5.549500 0.123092 0.091584 0.988160 0.149900 0.000000 0.000000 0.000000 1.000000
0.991050 0.058790 -0.119846 0.000000 -0.069349 0.993885 -0.085927 5.549500 0.114061 0.093469 0.989067 0.149900 0.000000 0.000000 0.000000 1.000000
0.993757 0.030721 -0.107251 0.000000 -0.041532 0.994113 -0.100076 5.549500 0.103545 0.103906 0.989182 0.149900 0.000000 0.000000 0.000000 1.000000
0.994025 0.005812 -0.108998 0.000000 -0.016726 0.994899 -0.099478 5.549500 0.107864 0.100706 0.989052 0.149900 0.000000 0.000000 0.000000 1.000000
0.992727 -0.002424 -0.120362 0.000000 -0.009140 0.995394 -0.095431 5.549500 0.120039 0.095837 0.988133 0.149900 0.000000 0.000000 0.000000 1.000000
0.993413 -0.003304 -0.114545 0.000000 -0.007494 0.995571 -0.093712 5.549500 0.114348 0.093953 0.988988 0.149900 0.000000 0.000000 0.000000 1.000000
0.996202 0.003693 -0.086989 0.000000 -0.012520 0.994793 -0.101149 5.549500 0.086162 0.101854 0.991061 0.149900 0.000000 0.000000 0.000000 1.000000
0.998148 0.011503 -0.059735 0.000000 -0.017992 0.993851 -0.109253 5.549500 0.058111 0.110125 0.992218 0.149900 0.000000 0.000000 0.000000 1.000000
0.999012 0.012999 -0.042493 0.000000 -0.017740 0.993419 -0.113157 5.549500 0.040743 0.113799 0.992668 0.149900 0.000000 0.000000 0.000000 1.000000
0.999438 0.011730 -0.031409 0.000000 -0.015426 0.992634 -0.120163 5.549500 0.029768 0.120580 0.992257 0.149900 0.000000 0.000000 0.000000 1.000000
0.999684 0.009221 -0.023392 0.000000 -0.012278 0.990889 -0.134117 5.549500 0.021942 0.134362 0.990689 0.149900 0.000000 0.000000 0.000000 1.000000</float_array><technique_common><accessor source="#mixamorig_Spine-Matrix-animation-output-transform-array" count="32" stride="16"><param type="float4x4"/></accessor></technique_common></source><source id="mixamorig_Spine-Interpolations"><Name_array id="mixamorig_Spine-Interpolations-array" count="32">
 LINEAR LINEAR LINEAR LINEAR LINEAR LINEAR LINEAR LINEAR LINEAR LINEAR LINEAR
LINEAR LINEAR LINEAR LINEAR LINEAR LINEAR LINEAR LINEAR LINEAR LINEAR LINEAR LINEAR
LINEAR LINEAR LINEAR LINEAR LINEAR LINEAR LINEAR LINEAR LINEAR</Name_array><technique_common><accessor source="#mixamorig_Spine-Interpolations-array" count="32"><param type="name"/></accessor></technique_common></source><sampler id="mixamorig_Spine-Matrix-animation-transform"><input semantic="INPUT" source="#mixamorig_Spine-Matrix-animation-input"/><input semantic="OUTPUT" source="#mixamorig_Spine-Matrix-animation-output-transform"/><input semantic="INTERPOLATION" source="#mixamorig_Spine-Interpolations"/></sampler><channel source="#mixamorig_Spine-Matrix-animation-transform" target="mixamorig_Spine/matrix"/></animation>
    <animation id="mixamorig_Spine1-anim" name="mixamorig_Spine1"><source id="mixamorig_Spine1-Matrix-animation-input"><float_array id="mixamorig_Spine1-Matrix-animation-input-array" count="32">

0.000000 0.033333 0.066667 0.100000 0.133333 0.166667 0.200000 0.233333 0.266667 0.300000 0.333333 0.366667 0.400000 0.433333 0.466667 0.500000
0.533333 0.566667 0.600000 0.633333 0.666667 0.700000 0.733333 0.766667 0.800000 0.833333 0.866667 0.900000 0.933333 0.966667 1.000000 1.033333</float_array><technique_common><accessor source="#mixamorig_Spine1-Matrix-animation-input-array" count="32"><param name="TIME" type="float"/></accessor></technique_common></source><source id="mixamorig_Spine1-Matrix-animation-output-transform"><float_array id="mixamorig_Spine1-Matrix-animation-output-transform-array" count="512">

0.998877 -0.022620 -0.041619 -0.000000 0.020804 0.998834 -0.043567 6.476700 0.042556 0.042652 0.998183 -0.000000 0.000000 0.000000 0.000000 1.000000
0.999414 -0.012665 -0.031792 0.000000 0.011422 0.999175 -0.038977 6.476700 0.032259 0.038591 0.998734 0.000000 0.000000 0.000000 0.000000 1.000000
0.999764 0.000004 -0.021717 -0.000000 -0.000768 0.999382 -0.035135 6.476700 0.021703 0.035143 0.999147 0.000000 0.000000 0.000000 0.000000 1.000000
0.999771 0.017789 -0.011867 -0.000000 -0.018184 0.999255 -0.034036 6.476700 0.011253 0.034244 0.999350 0.000000 0.000000 0.000000 0.000000 1.000000
0.999523 0.030892 -0.000318 0.000000 -0.030885 0.998911 -0.034980 6.476700 -0.000763 0.034973 0.999388 -0.000000 0.000000 0.000000 0.000000 1.000000
0.999336 0.033480 0.014381 0.000000 -0.032960 0.998843 -0.035009 6.476700 -0.015536 0.034512 0.999284 0.000000 0.000000 0.000000 0.000000 1.000000
0.999084 0.031514 0.028962 0.000000 -0.030481 0.998907 -0.035444 6.476700 -0.030047 0.034528 0.998952 0.000000 0.000000 0.000000 0.000000 1.000000
0.998768 0.030086 0.039457 0.000000 -0.028627 0.998904 -0.037032 6.476700 -0.040528 0.035856 0.998535 -0.000000 0.000000 0.000000 0.000000 1.000000
0.998661 0.026329 0.044525 -0.000000 -0.024837 0.999123 -0.033721 6.476700 -0.045374 0.032570 0.998439 0.000000 0.000000 0.000000 0.000000 1.000000
0.998998 0.014790 0.042252 0.000000 -0.013699 0.999568 -0.026004 6.476700 -0.042619 0.025399 0.998769 -0.000000 0.000000 0.000000 0.000000 1.000000
0.999347 0.013268 0.033601 -0.000000 -0.012524 0.999674 -0.022255 6.476700 -0.033885 0.021820 0.999188 0.000000 0.000000 0.000000 0.000000 1.000000
0.999562 0.013327 0.026422 -0.000000 -0.012732 0.999664 -0.022567 6.476700 -0.026714 0.022221 0.999396 0.000000 0.000000 0.000000 0.000000 1.000000
0.999796 0.010218 0.017410 0.000000 -0.009757 0.999604 -0.026386 6.476700 -0.017673 0.026210 0.999500 0.000000 0.000000 0.000000 0.000000 1.000000
0.999977 0.006735 0.000782 0.000000 -0.006708 0.999497 -0.030990 6.476700 -0.000990 0.030984 0.999519 0.000000 0.000000 0.000000 0.000000 1.000000
0.999805 0.003895 -0.019347 0.000000 -0.004538 0.999435 -0.033294 6.476700 0.019206 0.033375 0.999258 0.000000 0.000000 0.000000 0.000000 1.000000
0.999306 -0.003012 -0.037122 -0.000000 0.001735 0.999408 -0.034372 6.476700 0.037203 0.034284 0.998719 0.000000 0.000000 0.000000 0.000000 1.000000
0.998479 -0.011167 -0.053984 0.000000 0.009246 0.999319 -0.035718 6.476700 0.054346 0.035165 0.997903 0.000000 0.000000 0.000000 0.000000 1.000000
0.997222 -0.020264 -0.071683 -0.000000 0.017670 0.999173 -0.036632 6.476700 0.072366 0.035263 0.996755 -0.000000 0.000000 0.000000 0.000000 1.000000
0.995594 -0.032364 -0.088005 -0.000000 0.029095 0.998847 -0.038178 6.476700 0.089139 0.035449 0.995388 -0.000000 0.000000 0.000000 0.000000 1.000000
0.993593 -0.048994 -0.101847 0.000000 0.044784 0.998061 -0.043225 6.476700 0.103767 0.038387 0.993861 -0.000000 0.000000 0.000000 0.000000 1.000000
0.991398 -0.060334 -0.116143 0.000000 0.055141 0.997352 -0.047421 6.476700 0.118697 0.040609 0.992100 -0.000000 0.000000 0.000000 0.000000 1.000000
0.989758 -0.060462 -0.129323 0.000000 0.054911 0.997428 -0.046068 6.476700 0.131776 0.038495 0.990532 0.000000 0.000000 0.000000 0.000000 1.000000
0.988911 -0.058399 -0.136548 0.000000 0.052634 0.997579 -0.045456 6.476700 0.138872 0.037765 0.989590 -0.000000 0.000000 0.000000 0.000000 1.000000
0.988725 -0.057478 -0.138273 0.000000 0.051441 0.997577 -0.046848 6.476700 0.140631 0.039207 0.989285 0.000000 0.000000 0.000000 0.000000 1.000000
0.989519 -0.050796 -0.135170 -0.000000 0.045391 0.998053 -0.042782 6.476700 0.137080 0.036198 0.989898 0.000000 0.000000 0.000000 0.000000 1.000000
0.990498 -0.053087 -0.126866 0.000000 0.048109 0.997959 -0.041986 6.476700 0.128836 0.035484 0.991031 0.000000 0.000000 0.000000 0.000000 1.000000
0.991362 -0.052404 -0.120229 0.000000 0.047804 0.998022 -0.040836 6.476700 0.122131 0.034736 0.991906 0.000000 0.000000 0.000000 0.000000 1.000000
0.992642 -0.048928 -0.110760 0.000000 0.044579 0.998147 -0.041411 6.476700 0.112581 0.036169 0.992984 -0.000000 0.000000 0.000000 0.000000 1.000000
0.994686 -0.043889 -0.093131 0.000000 0.039891 0.998218 -0.044369 6.476700 0.094913 0.040419 0.994665 0.000000 0.000000 0.000000 0.000000 1.000000
0.996778 -0.036722 -0.071315 0.000000 0.033452 0.998357 -0.046519 6.476700 0.072906 0.043983 0.996368 0.000000 0.000000 0.000000 0.000000 1.000000
0.998163 -0.029500 -0.052911 -0.000000 0.027075 0.998576 -0.045974 6.476700 0.054191 0.044457 0.997540 0.000000 0.000000 0.000000 0.000000 1.000000
0.998877 -0.022620 -0.041619 -0.000000 0.020804 0.998834 -0.043567 6.476700 0.042556 0.042652 0.998183 0.000000 0.000000 0.000000 0.000000 1.000000</float_array><technique_common><accessor source="#mixamorig_Spine1-Matrix-animation-output-transform-array" count="32" stride="16"><param type="float4x4"/></accessor></technique_common></source><source id="mixamorig_Spine1-Interpolations"><Name_array id="mixamorig_Spine1-Interpolations-array" count="32">
 LINEAR LINEAR LINEAR LINEAR LINEAR LINEAR LINEAR LINEAR LINEAR LINEAR LINEAR
LINEAR LINEAR LINEAR LINEAR LINEAR LINEAR LINEAR LINEAR LINEAR LINEAR LINEAR LINEAR
LINEAR LINEAR LINEAR LINEAR LINEAR LINEAR LINEAR LINEAR LINEAR</Name_array><technique_common><accessor source="#mixamorig_Spine1-Interpolations-array" count="32"><param type="name"/></accessor></technique_common></source><sampler id="mixamorig_Spine1-Matrix-animation-transform"><input semantic="INPUT" source="#mixamorig_Spine1-Matrix-animation-input"/><input semantic="OUTPUT" source="#mixamorig_Spine1-Matrix-animation-output-transform"/><input semantic="INTERPOLATION" source="#mixamorig_Spine1-Interpolations"/></sampler><channel source="#mixamorig_Spine1-Matrix-animation-transform" target="mixamorig_Spine1/matrix"/></animation>
    <animation id="mixamorig_Spine2-anim" name="mixamorig_Spine2"><source id="mixamorig_Spine2-Matrix-animation-input"><float_array id="mixamorig_Spine2-Matrix-animation-input-array" count="32">

0.000000 0.033333 0.066667 0.100000 0.133333 0.166667 0.200000 0.233333 0.266667 0.300000 0.333333 0.366667 0.400000 0.433333 0.466667 0.500000
0.533333 0.566667 0.600000 0.633333 0.666667 0.700000 0.733333 0.766667 0.800000 0.833333 0.866667 0.900000 0.933333 0.966667 1.000000 1.033333</float_array><technique_common><accessor source="#mixamorig_Spine2-Matrix-animation-input-array" count="32"><param name="TIME" type="float"/></accessor></technique_common></source><source id="mixamorig_Spine2-Matrix-animation-output-transform"><float_array id="mixamorig_Spine2-Matrix-animation-output-transform-array" count="512">

0.998867 -0.024512 -0.040797 -0.000000 0.022750 0.998812 -0.043101 7.402000 0.041805 0.042124 0.998237 -0.000000 0.000000 0.000000 0.000000 1.000000
0.999418 -0.014273 -0.030991 -0.000000 0.013070 0.999166 -0.038680 7.402000 0.031517 0.038252 0.998771 -0.000000 0.000000 0.000000 0.000000 1.000000
0.999776 -0.001350 -0.021121 -0.000000 0.000613 0.999392 -0.034847 7.402000 0.021155 0.034827 0.999169 0.000000 0.000000 0.000000 0.000000 1.000000
0.999792 0.016698 -0.011713 0.000000 -0.017081 0.999297 -0.033376 7.402000 0.011148 0.033569 0.999374 0.000000 0.000000 0.000000 0.000000 1.000000
0.999544 0.030185 -0.000559 0.000000 -0.030187 0.998976 -0.033696 7.402000 -0.000458 0.033697 0.999432 0.000000 0.000000 0.000000 0.000000 1.000000
0.999353 0.033147 0.013989 -0.000000 -0.032661 0.998901 -0.033612 7.402000 -0.015087 0.033134 0.999337 0.000000 0.000000 0.000000 0.000000 1.000000
0.999094 0.031613 0.028486 0.000000 -0.030627 0.998939 -0.034404 7.402000 -0.029544 0.033500 0.999002 -0.000000 0.000000 0.000000 0.000000 1.000000
0.998769 0.030723 0.038944 0.000000 -0.029318 0.998917 -0.036132 7.402000 -0.040012 0.034946 0.998588 -0.000000 0.000000 0.000000 0.000000 1.000000
0.998654 0.026842 0.044378 0.000000 -0.025393 0.999136 -0.032897 7.402000 -0.045222 0.031726 0.998473 0.000000 0.000000 0.000000 0.000000 1.000000
0.998979 0.014515 0.042783 0.000000 -0.013421 0.999578 -0.025758 7.402000 -0.043138 0.025158 0.998752 0.000000 0.000000 0.000000 0.000000 1.000000
0.999329 0.012514 0.034409 0.000000 -0.011772 0.999695 -0.021695 7.402000 -0.034670 0.021275 0.999172 0.000000 0.000000 0.000000 0.000000 1.000000
0.999546 0.012668 0.027337 0.000000 -0.012075 0.999691 -0.021740 7.402000 -0.027604 0.021400 0.999390 -0.000000 0.000000 0.000000 0.000000 1.000000
0.999783 0.009874 0.018327 -0.000000 -0.009402 0.999626 -0.025686 7.402000 -0.018574 0.025509 0.999502 0.000000 0.000000 0.000000 0.000000 1.000000
0.999978 0.006369 0.001634 -0.000000 -0.006316 0.999512 -0.030605 7.402000 -0.001828 0.030594 0.999530 -0.000000 0.000000 0.000000 0.000000 1.000000
0.999823 0.003132 -0.018557 0.000000 -0.003748 0.999440 -0.033239 7.402000 0.018443 0.033303 0.999275 0.000000 0.000000 0.000000 0.000000 1.000000
0.999331 -0.004263 -0.036335 0.000000 0.003013 0.999404 -0.034389 7.402000 0.036460 0.034256 0.998748 -0.000000 0.000000 0.000000 0.000000 1.000000
0.998501 -0.012952 -0.053183 0.000000 0.011070 0.999307 -0.035534 7.402000 0.053606 0.034892 0.997952 0.000000 0.000000 0.000000 0.000000 1.000000
0.997233 -0.022495 -0.070849 -0.000000 0.019973 0.999148 -0.036111 7.402000 0.071601 0.034596 0.996833 -0.000000 0.000000 0.000000 0.000000 1.000000
0.995594 -0.034927 -0.087023 0.000000 0.031814 0.998812 -0.036913 7.402000 0.088209 0.033982 0.995522 0.000000 0.000000 0.000000 0.000000 1.000000
0.993575 -0.052121 -0.100457 0.000000 0.048270 0.998017 -0.040393 7.402000 0.102363 0.035285 0.994121 0.000000 0.000000 0.000000 0.000000 1.000000
0.991372 -0.064036 -0.114369 0.000000 0.059379 0.997280 -0.043675 7.402000 0.116855 0.036507 0.992478 0.000000 0.000000 0.000000 0.000000 1.000000
0.989750 -0.064174 -0.127581 0.000000 0.059123 0.997325 -0.042990 7.402000 0.129998 0.035007 0.990896 0.000000 0.000000 0.000000 0.000000 1.000000
0.988908 -0.062284 -0.134843 0.000000 0.056958 0.997450 -0.043005 7.402000 0.137178 0.034847 0.989933 0.000000 0.000000 0.000000 0.000000 1.000000
0.988693 -0.061801 -0.136626 0.000000 0.056226 0.997435 -0.044298 7.402000 0.139013 0.036116 0.989632 0.000000 0.000000 0.000000 0.000000 1.000000
0.989458 -0.054684 -0.134102 0.000000 0.049616 0.997933 -0.040852 7.402000 0.136059 0.033767 0.990125 0.000000 0.000000 0.000000 0.000000 1.000000
0.990404 -0.056459 -0.126145 0.000000 0.051913 0.997888 -0.039044 7.402000 0.128083 0.032120 0.991243 0.000000 0.000000 0.000000 0.000000 1.000000
0.991261 -0.055378 -0.119731 0.000000 0.051162 0.997967 -0.038008 7.402000 0.121593 0.031550 0.992079 0.000000 0.000000 0.000000 0.000000 1.000000
0.992545 -0.051848 -0.110302 0.000000 0.047777 0.998087 -0.039233 7.402000 0.112125 0.033671 0.993124 0.000000 0.000000 0.000000 0.000000 1.000000
0.994600 -0.046930 -0.092567 0.000000 0.043111 0.998151 -0.042838 7.402000 0.094406 0.038616 0.994784 0.000000 0.000000 0.000000 0.000000 1.000000
0.996720 -0.039521 -0.070620 0.000000 0.036348 0.998296 -0.045655 7.402000 0.072304 0.042939 0.996458 0.000000 0.000000 0.000000 0.000000 1.000000
0.998136 -0.031742 -0.052119 -0.000000 0.029378 0.998532 -0.045513 7.402000 0.053488 0.043897 0.997603 0.000000 0.000000 0.000000 0.000000 1.000000
0.998867 -0.024512 -0.040797 -0.000000 0.022750 0.998812 -0.043101 7.402000 0.041805 0.042124 0.998237 -0.000000 0.000000 0.000000 0.000000 1.000000</float_array><technique_common><accessor source="#mixamorig_Spine2-Matrix-animation-output-transform-array" count="32" stride="16"><param type="float4x4"/></accessor></technique_common></source><source id="mixamorig_Spine2-Interpolations"><Name_array id="mixamorig_Spine2-Interpolations-array" count="32">
 LINEAR LINEAR LINEAR LINEAR LINEAR LINEAR LINEAR LINEAR LINEAR LINEAR LINEAR
LINEAR LINEAR LINEAR LINEAR LINEAR LINEAR LINEAR LINEAR LINEAR LINEAR LINEAR LINEAR
LINEAR LINEAR LINEAR LINEAR LINEAR LINEAR LINEAR LINEAR LINEAR</Name_array><technique_common><accessor source="#mixamorig_Spine2-Interpolations-array" count="32"><param type="name"/></accessor></technique_common></source><sampler id="mixamorig_Spine2-Matrix-animation-transform"><input semantic="INPUT" source="#mixamorig_Spine2-Matrix-animation-input"/><input semantic="OUTPUT" source="#mixamorig_Spine2-Matrix-animation-output-transform"/><input semantic="INTERPOLATION" source="#mixamorig_Spine2-Interpolations"/></sampler><channel source="#mixamorig_Spine2-Matrix-animation-transform" target="mixamorig_Spine2/matrix"/></animation>
    <animation id="mixamorig_Neck-anim" name="mixamorig_Neck"><source id="mixamorig_Neck-Matrix-animation-input"><float_array id="mixamorig_Neck-Matrix-animation-input-array" count="32">

0.000000 0.033333 0.066667 0.100000 0.133333 0.166667 0.200000 0.233333 0.266667 0.300000 0.333333 0.366667 0.400000 0.433333 0.466667 0.500000
0.533333 0.566667 0.600000 0.633333 0.666667 0.700000 0.733333 0.766667 0.800000 0.833333 0.866667 0.900000 0.933333 0.966667 1.000000 1.033333</float_array><technique_common><accessor source="#mixamorig_Neck-Matrix-animation-input-array" count="32"><param name="TIME" type="float"/></accessor></technique_common></source><source id="mixamorig_Neck-Matrix-animation-output-transform"><float_array id="mixamorig_Neck-Matrix-animation-output-transform-array" count="512">

0.999301 0.004142 0.037153 -0.000000 -0.005455 0.999362 0.035299 8.327200 -0.036983 -0.035477 0.998686 0.000000 0.000000 0.000000 0.000000 1.000000
0.999438 0.006365 0.032913 0.000000 -0.007502 0.999375 0.034539 8.327200 -0.032672 -0.034766 0.998861 -0.000000 0.000000 0.000000 0.000000 1.000000
0.999623 0.004337 0.027098 0.000000 -0.005315 0.999332 0.036147 8.327200 -0.026923 -0.036278 0.998979 -0.000000 0.000000 0.000000 0.000000 1.000000
0.999795 -0.005905 0.019354 -0.000000 0.005167 0.999266 0.037964 8.327200 -0.019564 -0.037856 0.999092 -0.000000 0.000000 0.000000 0.000000 1.000000
0.999797 -0.016764 0.011221 -0.000000 0.016335 0.999170 0.037324 8.327200 -0.011837 -0.037133 0.999240 0.000000 0.000000 0.000000 0.000000 1.000000
0.999785 -0.020307 0.004140 -0.000000 0.020139 0.999107 0.037133 8.327200 -0.004891 -0.037041 0.999302 0.000000 0.000000 0.000000 0.000000 1.000000
0.999829 -0.018360 -0.002006 0.000000 0.018425 0.999034 0.039905 8.327200 0.001272 -0.039935 0.999201 0.000000 0.000000 0.000000 0.000000 1.000000
0.999886 -0.013393 -0.006956 0.000000 0.013668 0.999055 0.041256 8.327200 0.006396 -0.041347 0.999124 0.000000 0.000000 0.000000 0.000000 1.000000
0.999964 0.001567 -0.008371 0.000000 -0.001274 0.999388 0.034951 8.327200 0.008421 -0.034939 0.999354 0.000000 0.000000 0.000000 0.000000 1.000000
0.999611 0.027461 -0.004915 0.000000 -0.027301 0.999171 0.030201 8.327200 0.005741 -0.030055 0.999532 0.000000 0.000000 0.000000 0.000000 1.000000
0.999208 0.039796 -0.000710 0.000000 -0.039757 0.998752 0.030225 8.327200 0.001912 -0.030173 0.999543 -0.000000 0.000000 0.000000 0.000000 1.000000
0.998802 0.048724 0.004591 -0.000000 -0.048835 0.998411 0.028129 8.327200 -0.003213 -0.028320 0.999594 0.000000 0.000000 0.000000 0.000000 1.000000
0.998459 0.054127 0.012274 0.000000 -0.054444 0.998148 0.027141 8.327200 -0.010783 -0.027767 0.999556 -0.000000 0.000000 0.000000 0.000000 1.000000
0.998561 0.049282 0.021154 -0.000000 -0.049875 0.998349 0.028480 8.327200 -0.019716 -0.029494 0.999370 0.000000 0.000000 0.000000 0.000000 1.000000
0.998819 0.038413 0.029761 0.000000 -0.039213 0.998872 0.026781 8.327200 -0.028699 -0.027916 0.999198 -0.000000 0.000000 0.000000 0.000000 1.000000
0.998815 0.030143 0.038206 0.000000 -0.030959 0.999302 0.020926 8.327200 -0.037548 -0.022084 0.999051 -0.000000 0.000000 0.000000 0.000000 1.000000
0.998633 0.023103 0.046880 0.000000 -0.023856 0.999594 0.015558 8.327200 -0.046501 -0.016655 0.998779 0.000000 0.000000 0.000000 0.000000 1.000000
0.998264 0.018197 0.056024 -0.000000 -0.019055 0.999709 0.014811 8.327200 -0.055738 -0.015853 0.998320 -0.000000 0.000000 0.000000 0.000000 1.000000
0.997663 0.020207 0.065268 0.000000 -0.021378 0.999622 0.017296 8.327200 -0.064894 -0.018651 0.997718 0.000000 0.000000 0.000000 0.000000 1.000000
0.996765 0.029845 0.074629 0.000000 -0.031425 0.999304 0.020092 8.327200 -0.073978 -0.022372 0.997009 0.000000 0.000000 0.000000 0.000000 1.000000
0.995765 0.039117 0.083199 0.000000 -0.041078 0.998914 0.021992 8.327200 -0.082249 -0.025316 0.996290 0.000000 0.000000 0.000000 0.000000 1.000000
0.995090 0.042326 0.089465 0.000000 -0.044780 0.998669 0.025607 8.327200 -0.088262 -0.029487 0.995661 0.000000 0.000000 0.000000 0.000000 1.000000
0.994896 0.039709 0.092767 0.000000 -0.042766 0.998598 0.031198 8.327200 -0.091398 -0.035006 0.995199 0.000000 0.000000 0.000000 0.000000 1.000000
0.995083 0.032214 0.093664 0.000000 -0.035614 0.998758 0.034852 8.327200 -0.092425 -0.038017 0.994994 -0.000000 0.000000 0.000000 0.000000 1.000000
0.995793 0.009143 0.091175 -0.000000 -0.011941 0.999473 0.030199 8.327200 -0.090850 -0.031161 0.995377 -0.000000 0.000000 0.000000 0.000000 1.000000
0.996140 -0.002765 0.087730 0.000000 0.000365 0.999626 0.027362 8.327200 -0.087773 -0.027224 0.995768 0.000000 0.000000 0.000000 0.000000 1.000000
0.996605 -0.014104 0.081115 0.000000 0.012006 0.999582 0.026295 8.327200 -0.081452 -0.025232 0.996358 0.000000 0.000000 0.000000 0.000000 1.000000
0.997224 -0.023376 0.070695 -0.000000 0.021349 0.999343 0.029296 8.327200 -0.071334 -0.027706 0.997068 0.000000 0.000000 0.000000 0.000000 1.000000
0.997990 -0.023150 0.058997 0.000000 0.021277 0.999255 0.032192 8.327200 -0.059699 -0.030872 0.997739 0.000000 0.000000 0.000000 0.000000 1.000000
0.998718 -0.014904 0.048378 0.000000 0.013376 0.999406 0.031775 8.327200 -0.048822 -0.031088 0.998324 -0.000000 0.000000 0.000000 0.000000 1.000000
0.999165 -0.004138 0.040648 0.000000 0.002852 0.999495 0.031635 8.327200 -0.040758 -0.031493 0.998673 0.000000 0.000000 0.000000 0.000000 1.000000
0.999301 0.004142 0.037153 0.000000 -0.005455 0.999362 0.035299 8.327200 -0.036983 -0.035477 0.998686 0.000000 0.000000 0.000000 0.000000 1.000000</float_array><technique_common><accessor source="#mixamorig_Neck-Matrix-animation-output-transform-array" count="32" stride="16"><param type="float4x4"/></accessor></technique_common></source><source id="mixamorig_Neck-Interpolations"><Name_array id="mixamorig_Neck-Interpolations-array" count="32">
 LINEAR LINEAR LINEAR LINEAR LINEAR LINEAR LINEAR LINEAR LINEAR LINEAR LINEAR
LINEAR LINEAR LINEAR LINEAR LINEAR LINEAR LINEAR LINEAR LINEAR LINEAR LINEAR LINEAR
LINEAR LINEAR LINEAR LINEAR LINEAR LINEAR LINEAR LINEAR LINEAR</Name_array><technique_common><accessor source="#mixamorig_Neck-Interpolations-array" count="32"><param type="name"/></accessor></technique_common></source><sampler id="mixamorig_Neck-Matrix-animation-transform"><input semantic="INPUT" source="#mixamorig_Neck-Matrix-animation-input"/><input semantic="OUTPUT" source="#mixamorig_Neck-Matrix-animation-output-transform"/><input semantic="INTERPOLATION" source="#mixamorig_Neck-Interpolations"/></sampler><channel source="#mixamorig_Neck-Matrix-animation-transform" target="mixamorig_Neck/matrix"/></animation>
    <animation id="mixamorig_Head-anim" name="mixamorig_Head"><source id="mixamorig_Head-Matrix-animation-input"><float_array id="mixamorig_Head-Matrix-animation-input-array" count="32">

0.000000 0.033333 0.066667 0.100000 0.133333 0.166667 0.200000 0.233333 0.266667 0.300000 0.333333 0.366667 0.400000 0.433333 0.466667 0.500000
0.533333 0.566667 0.600000 0.633333 0.666667 0.700000 0.733333 0.766667 0.800000 0.833333 0.866667 0.900000 0.933333 0.966667 1.000000 1.033333</float_array><technique_common><accessor source="#mixamorig_Head-Matrix-animation-input-array" count="32"><param name="TIME" type="float"/></accessor></technique_common></source><source id="mixamorig_Head-Matrix-animation-output-transform"><float_array id="mixamorig_Head-Matrix-animation-output-transform-array" count="512">

0.996340 0.032647 0.078999 -0.000000 -0.037096 0.997768 0.055527 8.843900 -0.077010 -0.058255 0.995327 1.264000 0.000000 0.000000 0.000000 1.000000
0.997790 0.032674 0.057860 0.000000 -0.035549 0.998148 0.049374 8.843900 -0.056139 -0.051322 0.997103 1.264000 0.000000 0.000000 0.000000 1.000000
0.998661 0.032668 0.040123 0.000000 -0.034635 0.998181 0.049343 8.843900 -0.038438 -0.050667 0.997976 1.264000 0.000000 0.000000 0.000000 1.000000
0.998921 0.038288 0.026298 0.000000 -0.039711 0.997646 0.055908 8.843900 -0.024095 -0.056892 0.998090 1.264000 0.000000 0.000000 0.000000 1.000000
0.998903 0.041941 0.020843 0.000000 -0.043277 0.996716 0.068436 8.843900 -0.017904 -0.069263 0.997438 1.264000 0.000000 0.000000 0.000000 1.000000
0.998919 0.042160 0.019596 0.000000 -0.043615 0.995765 0.080926 8.843900 -0.016101 -0.081693 0.996527 1.264000 0.000000 0.000000 0.000000 1.000000
0.999048 0.041890 0.012176 0.000000 -0.042852 0.994640 0.094102 8.843900 -0.008168 -0.094534 0.995488 1.264000 0.000000 0.000000 0.000000 1.000000
0.999399 0.034408 -0.004238 0.000000 -0.033784 0.994043 0.103617 8.843900 0.007778 -0.103411 0.994608 1.264000 0.000000 0.000000 0.000000 1.000000
0.999636 0.015646 -0.021967 -0.000000 -0.013536 0.995563 0.093120 8.843900 0.023327 -0.092789 0.995413 1.264000 0.000000 0.000000 0.000000 1.000000
0.999404 -0.010233 -0.032954 -0.000000 0.012474 0.997572 0.068516 8.843900 0.032173 -0.068886 0.997106 1.264000 0.000000 0.000000 0.000000 1.000000
0.998749 -0.034349 -0.036337 -0.000000 0.036239 0.997954 0.052681 8.843900 0.034453 -0.053932 0.997950 1.264000 0.000000 0.000000 0.000000 1.000000
0.998729 -0.041869 -0.028056 -0.000000 0.043394 0.997478 0.056162 8.843900 0.025634 -0.057309 0.998027 1.264000 0.000000 0.000000 0.000000 1.000000
0.999624 -0.027404 -0.000653 0.000000 0.027382 0.997165 0.070086 8.843900 -0.001269 -0.070078 0.997541 1.264000 0.000000 0.000000 0.000000 1.000000
0.999331 -0.002955 0.036440 0.000000 0.000205 0.997166 0.075234 8.843900 -0.036559 -0.075176 0.996500 1.264000 0.000000 0.000000 0.000000 1.000000
0.997433 0.015534 0.069904 -0.000000 -0.020025 0.997749 0.064005 8.843900 -0.068753 -0.065241 0.995498 1.264000 0.000000 0.000000 0.000000 1.000000
0.995126 0.024515 0.095515 -0.000000 -0.028951 0.998552 0.045342 8.843900 -0.094266 -0.047886 0.994395 1.264000 0.000000 0.000000 0.000000 1.000000
0.992379 0.030540 0.119375 0.000000 -0.034254 0.998987 0.029186 8.843900 -0.118363 -0.033052 0.992420 1.264000 0.000000 0.000000 0.000000 1.000000
0.989005 0.036365 0.143342 0.000000 -0.039846 0.998975 0.021489 8.843900 -0.142414 -0.026964 0.989440 1.264000 0.000000 0.000000 0.000000 1.000000
0.986150 0.038348 0.161363 0.000000 -0.043095 0.998732 0.026018 8.843900 -0.160160 -0.032612 0.986552 1.264000 0.000000 0.000000 0.000000 1.000000
0.984052 0.035415 0.174320 0.000000 -0.043354 0.998179 0.041949 8.843900 -0.172517 -0.048838 0.983795 1.264000 0.000000 0.000000 0.000000 1.000000
0.982535 0.032725 0.183177 0.000000 -0.044146 0.997304 0.058622 8.843900 -0.180765 -0.065684 0.981331 1.264000 0.000000 0.000000 0.000000 1.000000
0.981894 0.032584 0.186609 -0.000000 -0.045756 0.996722 0.066717 8.843900 -0.183824 -0.074048 0.980166 1.264000 0.000000 0.000000 0.000000 1.000000
0.981754 0.033322 0.187212 -0.000000 -0.047893 0.996118 0.073857 8.843900 -0.184024 -0.081476 0.979539 1.264000 0.000000 0.000000 0.000000 1.000000
0.980591 0.041677 0.191582 0.000000 -0.059126 0.994515 0.086281 8.843900 -0.186935 -0.095934 0.977677 1.264000 0.000000 0.000000 0.000000 1.000000
0.975705 0.064898 0.209258 0.000000 -0.084746 0.992569 0.087316 8.843900 -0.202036 -0.102929 0.973954 1.264000 0.000000 0.000000 0.000000 1.000000
0.970354 0.083242 0.226899 0.000000 -0.102369 0.992001 0.073857 8.843900 -0.218936 -0.094894 0.971114 1.264000 0.000000 0.000000 0.000000 1.000000
0.970766 0.080643 0.226077 0.000000 -0.096976 0.993349 0.062078 8.843900 -0.219567 -0.082188 0.972129 1.264000 0.000000 0.000000 0.000000 1.000000
0.977407 0.066904 0.200498 0.000000 -0.081612 0.994476 0.066006 8.843900 -0.194974 -0.080878 0.977468 1.264000 0.000000 0.000000 0.000000 1.000000
0.985303 0.052587 0.162522 0.000000 -0.065363 0.995092 0.074288 8.843900 -0.157818 -0.083819 0.983904 1.264000 0.000000 0.000000 0.000000 1.000000
0.991460 0.039490 0.124292 0.000000 -0.049012 0.996015 0.074509 8.843900 -0.120854 -0.079964 0.989444 1.264000 0.000000 0.000000 0.000000 1.000000
0.994966 0.032034 0.094957 0.000000 -0.038439 0.997052 0.066402 8.843900 -0.092550 -0.069718 0.993264 1.264000 0.000000 0.000000 0.000000 1.000000
0.996340 0.032647 0.078999 0.000000 -0.037096 0.997768 0.055527 8.843900 -0.077010 -0.058255 0.995327 1.264000 0.000000 0.000000 0.000000 1.000000</float_array><technique_common><accessor source="#mixamorig_Head-Matrix-animation-output-transform-array" count="32" stride="16"><param type="float4x4"/></accessor></technique_common></source><source id="mixamorig_Head-Interpolations"><Name_array id="mixamorig_Head-Interpolations-array" count="32">
 LINEAR LINEAR LINEAR LINEAR LINEAR LINEAR LINEAR LINEAR LINEAR LINEAR LINEAR
LINEAR LINEAR LINEAR LINEAR LINEAR LINEAR LINEAR LINEAR LINEAR LINEAR LINEAR LINEAR
